# age, both genders, male, female

# Таблица построена дезагрегацией данных АДХ при помощи модуля rtss.data.population.synthetic.PopulationADH

0    6,303,091       3,172,842       3,130,249      
1    5,731,567       2,884,017       2,847,550      
2    5,213,405       2,621,784       2,591,621      
3    4,748,606       2,386,143       2,362,463      
4    4,337,169       2,177,094       2,160,075      
5    3,979,095       1,994,638       1,984,457      
6    3,674,952       1,838,774       1,836,178      
7    3,503,102       1,749,493       1,753,609      
8    3,526,238       1,757,809       1,768,429      
9    3,721,613       1,852,287       1,869,326      
10   4,177,266       2,076,222       2,101,044      
11   4,466,656       2,219,483       2,247,173      
12   4,655,056       2,314,362       2,340,694      
13   4,730,289       2,354,893       2,375,396      
14   4,692,731       2,341,039       2,351,692      
15   4,526,263       2,266,359       2,259,904      
16   4,332,862       2,171,499       2,161,363      
17   4,096,819       2,050,622       2,046,197      
18   3,821,964       1,905,734       1,916,230      
19   3,515,091       1,740,786       1,774,305      
20   3,138,019       1,535,542       1,602,477      
21   2,931,404       1,420,131       1,511,273      
22   2,841,992       1,365,224       1,476,768      
23   2,870,930       1,371,042       1,499,888      
24   3,013,654       1,435,060       1,578,594      
25   3,328,902       1,585,701       1,743,201      
26   3,525,487       1,682,270       1,843,217      
27   3,648,481       1,746,726       1,901,755      
28   3,689,906       1,775,214       1,914,692      
29   3,651,225       1,768,089       1,883,136      
30   3,513,460       1,717,800       1,795,660      
31   3,393,943       1,669,608       1,724,335      
32   3,272,171       1,615,794       1,656,377      
33   3,150,238       1,557,325       1,592,913      
34   3,028,188       1,494,473       1,533,715      
35   2,904,480       1,425,988       1,478,492      
36   2,788,155       1,360,310       1,427,845      
37   2,677,376       1,295,888       1,381,488      
38   2,572,125       1,232,809       1,339,316      
39   2,471,865       1,171,006       1,300,859      
40   2,379,620       1,110,348       1,269,272      
41   2,276,801       1,051,165       1,225,636      
42   2,166,912       993,311         1,173,601      
43   2,049,868       936,710         1,113,158      
44   1,926,799       881,465         1,045,334      
45   1,790,852       825,812         965,040        
46   1,684,417       779,449         904,968        
47   1,598,440       740,163         858,277        
48   1,532,667       707,785         824,882        
49   1,485,624       681,792         803,832        
50   1,462,695       663,995         798,700        
51   1,429,316       642,387         786,929        
52   1,391,636       619,134         772,502        
53   1,349,136       594,079         755,057        
54   1,302,218       567,406         734,812        
55   1,248,846       538,225         710,621        
56   1,201,813       512,191         689,622        
57   1,158,685       488,188         670,497        
58   1,119,553       466,223         653,330        
59   1,084,103       446,172         637,931        
60   1,053,726       428,197         625,529        
61   1,019,570       410,817         608,753        
62   983,238         394,253         588,985        
63   944,639         378,451         566,188        
64   903,827         363,282         540,545        
65   861,308         349,685         511,623        
66   814,876         332,055         482,821        
67   765,120         311,548         453,572        
68   712,198         288,237         423,961        
69   656,499         262,475         394,024        
70   596,784         233,159         363,625        
71   541,969         208,250         333,719        
72   490,063         185,956         304,107        
73   440,912         166,137         274,775        
74   394,272         148,498         245,774        
75   349,339         133,037         216,302        
76   309,018         118,193         190,825        
77   272,232         104,127         168,105        
78   238,615         90,720          147,895        
79   207,797         77,923          129,874        
80   179,228         65,322          113,906        
81   153,755         54,769          98,986         
82   130,713         45,607          85,106         
83   109,742         37,637          72,105         
84   90,561          30,665          59,896         
85   72,244          24,349          47,895         
86   58,091          19,452          38,639         
87   46,682          15,533          31,149         
88   37,540          12,411          25,129         
89   30,220          9,926           20,294         
90   24,364          7,950           16,414         
91   19,690          6,382           13,308         
92   15,970          5,141           10,829         
93   13,025          4,164           8,861          
94   10,708          3,399           7,309          
95   8,909           2,809           6,100          
96   7,540           2,361           5,179          
97   6,532           2,033           4,499          
98   5,839           1,808           4,031          
99   5,422           1,673           3,749          
100  5,222           1,608           3,614          
