# Возраст в годах, Числа доживающих до возраста х лет , Числа умирающих при переходе от возраста x к возрасту х+1 лет , Вероятность умереть в течение предстоящего года жизни, Вероятность дожить до возраста х+1 лет, Числа живущих в возрасте х лет, Числа прожитых человеколет, Средняя продолжительность предстоящей жизни
# x, lх, dх, qх, pх, Lх, Tх, eх

                0       100000  4019    0.04019 0.95981 97189   6812830 68.13
                1       95981   624     0.00650 0.99350 95564   6715641 69.97
                2       95357   243     0.00255 0.99745 95201   6620077 69.42
                3       95114   157     0.00165 0.99835 95018   6524876 68.60
                4       94957   116     0.00122 0.99878 94886   6429858 67.71
                                                                        
                5       94841   102     0.00108 0.99892 94789   6334972 66.80
                6       94739   95      0.00100 0.99900 94692   6240183 65.87
                7       94644   92      0.00097 0.99903 94598   6145491 64.93
                8       94552   86      0.00091 0.99909 94508   6050893 64.00
                9       94466   77      0.00081 0.99919 94426   5956385 63.05
                                                                        
                10      94389   69      0.00073 0.99927 94355   5861959 62.10
                11      94320   65      0.00069 0.99931 94287   5767604 61.15
                12      94255   65      0.00069 0.99931 94223   5673317 60.19
                13      94190   70      0.00074 0.99926 94155   5579094 59.23
                14      94120   72      0.00077 0.99923 94084   5484939 58.28
                                                                        
                15      94048   76      0.00081 0.99919 94011   5390855 57.32
                16      93972   85      0.00090 0.99910 93931   5296844 56.37
                17      93887   100     0.00107 0.99893 93838   5202913 55.42
                18      93787   117     0.00125 0.99875 93729   5109075 54.48
                19      93670   131     0.00140 0.99860 93606   5015346 53.54
                                                                        
                20      93539   141     0.00151 0.99849 93469   4921740 52.62
                21      93398   148     0.00159 0.99841 93325   4828271 51.70
                22      93250   159     0.00170 0.99830 93172   4734946 50.78
                23      93091   165     0.00177 0.99823 93008   4641774 49.86
                24      92926   169     0.00182 0.99818 92842   4548766 48.95
                                                                        
                25      92757   173     0.00187 0.99813 92670   4455924 48.04
                26      92584   179     0.00193 0.99807 92496   4363254 47.13
                27      92405   188     0.00204 0.99796 92312   4270758 46.22
                28      92217   197     0.00214 0.99786 92119   4178446 45.31
                29      92020   203     0.00221 0.99779 91920   4086327 44.41
                                                                        
                30      91817   210     0.00229 0.99771 91713   3994407 43.50
                31      91607   216     0.00236 0.99764 91499   3902694 42.60
                32      91391   222     0.00243 0.99757 91280   3811195 41.70
                33      91169   228     0.00250 0.99750 91056   3719915 40.80
                34      90941   235     0.00258 0.99742 90824   3628859 39.90
                                                                        
                35      90706   243     0.00268 0.99732 90586   3538035 39.01
                36      90463   252     0.00279 0.99721 90338   3447449 38.11
                37      90211   265     0.00294 0.99706 90080   3357111 37.21
                38      89946   281     0.00312 0.99688 89806   3267031 36.32
                39      89665   298     0.00332 0.99668 89518   3177225 35.43
                                                                        
                40      89367   318     0.00356 0.99644 89210   3087707 34.55
                41      89049   338     0.00380 0.99620 88882   2998497 33.67
                42      88711   357     0.00402 0.99598 88535   2909615 32.80
                43      88354   375     0.00424 0.99576 88168   2821080 31.93
                44      87979   392     0.00446 0.99554 87784   2732912 31.06
                                                                        
                45      87587   407     0.00465 0.99535 87385   2645128 30.20
                46      87180   433     0.00497 0.99503 86967   2557743 29.34
                47      86747   471     0.00543 0.99457 86514   2470776 28.48
                48      86276   517     0.00599 0.99401 86022   2384262 27.64
                49      85759   565     0.00659 0.99341 85480   2298240 26.80
                                                                        
                50      85194   607     0.00713 0.99287 84895   2212760 25.97
                51      84587   650     0.00768 0.99232 84266   2127865 25.16
                52      83937   698     0.00831 0.99169 83592   2043599 24.35
                53      83239   751     0.00902 0.99098 82868   1960007 23.55
                54      82488   809     0.00981 0.99019 82089   1877139 22.76
                                                                        
                55      81679   872     0.01068 0.98932 81248   1795050 21.98
                56      80807   939     0.01162 0.98838 80343   1713802 21.21
                57      79868   1010    0.01264 0.98736 79369   1633459 20.45
                58      78858   1084    0.01374 0.98626 78322   1554090 19.71
                59      77774   1164    0.01496 0.98504 77199   1475768 18.97
                                                                        
                60      76610   1246    0.01626 0.98374 75994   1398569 18.26
                61      75364   1329    0.01764 0.98236 74707   1322575 17.55
                62      74035   1419    0.01916 0.98084 73333   1247868 16.86
                63      72616   1513    0.02083 0.97917 71868   1174535 16.17
                64      71103   1610    0.02265 0.97735 70306   1102667 15.51
                                                                        
                65      69493   1717    0.02471 0.97529 68643   1032361 14.86
                66      67776   1830    0.02700 0.97300 66870   963718  14.22
                67      65946   1941    0.02944 0.97056 64985   896848  13.60
                68      64005   2051    0.03204 0.96796 62988   831863  13.00
                69      61954   2158    0.03484 0.96516 60884   768875  12.41
                                                                        
                70      59796   2266    0.03789 0.96211 58672   707991  11.84
                71      57530   2372    0.04123 0.95877 56353   649319  11.29
                72      55158   2473    0.04484 0.95516 53930   592966  10.75
                73      52685   2567    0.04872 0.95128 51409   539036  10.23
                74      50118   2656    0.05300 0.94700 48797   487627  9.73
                                                                        
                75      47462   2731    0.05754 0.94246 46102   438830  9.25
                76      44731   2794    0.06246 0.93754 43339   392728  8.78
                77      41937   2861    0.06821 0.93179 40511   349389  8.33
                78      39076   2925    0.07486 0.92514 37619   308878  7.90
                79      36151   2977    0.08236 0.91764 34665   271259  7.50
                                                                        
                80      33174   2991    0.09017 0.90983 31678   236594  7.13
                81      30183   2949    0.09772 0.90228 28703   204916  6.79
                82      27234   2866    0.10523 0.89477 25793   176213  6.47
                83      24368   2755    0.11306 0.88694 22981   150420  6.17
                84      21613   2618    0.12111 0.87889 20291   127439  5.90
                                                                        
                85      18995   2454    0.12920 0.87080 17754   107148  5.64
                86      16541   2270    0.13722 0.86278 15390   89394   5.40
                87      14271   2067    0.14486 0.85514 13220   74004   5.19
                88      12204   1852    0.15173 0.84827 11261   60784   4.98
                89      10352   1652    0.15955 0.84045 9510    49523   4.78
                                                                        
                90      8700    1456    0.16735 0.83265 7956    40013   4.60
                91      7244    1269    0.17516 0.82484 6595    32057   4.43
                92      5975    1093    0.18300 0.81700 5414    25462   4.26
                93      4882    932     0.19083 0.80917 4403    20048   4.11
                94      3950    785     0.19867 0.80133 3546    15645   3.96
                                                                        
                95      3165    654     0.20653 0.79347 2828    12099   3.82
                96      2511    538     0.21440 0.78560 2233    9271    3.69
                97      1973    439     0.22229 0.77771 1745    7038    3.57
                98      1534    353     0.23016 0.76984 1351    5293    3.45
                99      1181    281     0.23806 0.76194 1035    3942    3.34
                100     900     221     0.24595 0.75405 784     2907    3.23
