# # Таблица построена модулем rtss.rosbris1959.ExportMortalityTables по данным в РосБРИС для РСФСР 2020
# Возраст в годах, Числа доживающих до возраста х лет, Числа умирающих при переходе от возраста x к возрасту х+1 лет, Вероятность умереть в течение предстоящего года жизни, Вероятность дожить до возраста х+1 лет, Числа живущих в возрасте х лет, Числа прожитых человеколет, Средняя продолжительность предстоящей жизни
# x, lx, dx, qx, px, Lx, Tx, ex

0       100000  497     0.00497 0.99503 99752   6664669 66.65
1       99503   45      0.00045 0.99955 99481   6564917 65.98
2       99458   29      0.00029 0.99971 99444   6465437 65.01
3       99429   24      0.00024 0.99976 99417   6365993 64.03
4       99405   17      0.00017 0.99983 99397   6266576 63.04
5       99388   19      0.00019 0.99981 99379   6167180 62.05
6       99369   18      0.00018 0.99982 99360   6067801 61.06
7       99351   17      0.00017 0.99983 99343   5968441 60.07
8       99334   20      0.00020 0.99980 99324   5869099 59.08
9       99314   16      0.00016 0.99984 99306   5769775 58.10
10      99298   21      0.00021 0.99979 99288   5670469 57.11
11      99277   19      0.00019 0.99981 99268   5571181 56.12
12      99258   22      0.00022 0.99978 99247   5471913 55.13
13      99236   30      0.00031 0.99969 99222   5372666 54.14
14      99206   37      0.00037 0.99963 99188   5273444 53.16
15      99169   51      0.00052 0.99948 99144   5174256 52.18
16      99118   56      0.00057 0.99943 99091   5075112 51.20
17      99062   67      0.00067 0.99933 99030   4976021 50.23
18      98995   97      0.00098 0.99902 98948   4876991 49.27
19      98898   95      0.00096 0.99904 98851   4778043 48.31
20      98803   105     0.00106 0.99894 98752   4679192 47.36
21      98698   133     0.00135 0.99865 98633   4580440 46.41
22      98565   145     0.00147 0.99853 98493   4481807 45.47
23      98420   150     0.00152 0.99848 98345   4383314 44.54
24      98270   144     0.00146 0.99854 98199   4284969 43.60
25      98126   169     0.00172 0.99828 98043   4186770 42.67
26      97957   182     0.00186 0.99814 97868   4088727 41.74
27      97775   213     0.00218 0.99782 97671   3990859 40.82
28      97562   232     0.00238 0.99762 97447   3893189 39.90
29      97330   247     0.00254 0.99746 97208   3795741 39.00
30      97083   277     0.00285 0.99715 96947   3698533 38.10
31      96806   317     0.00328 0.99672 96651   3601585 37.20
32      96489   360     0.00374 0.99626 96312   3504934 36.32
33      96129   399     0.00415 0.99585 95931   3408622 35.46
34      95730   402     0.00420 0.99580 95531   3312691 34.60
35      95328   446     0.00468 0.99532 95110   3217160 33.75
36      94882   521     0.00549 0.99451 94627   3122050 32.90
37      94361   571     0.00605 0.99395 94079   3027423 32.08
38      93790   613     0.00654 0.99346 93486   2933344 31.28
39      93177   619     0.00665 0.99335 92870   2839858 30.48
40      92558   662     0.00715 0.99285 92232   2746989 29.68
41      91896   736     0.00801 0.99199 91533   2654757 28.89
42      91160   786     0.00862 0.99138 90770   2563224 28.12
43      90374   800     0.00885 0.99115 89975   2472454 27.36
44      89574   818     0.00913 0.99087 89167   2382479 26.60
45      88756   853     0.00961 0.99039 88333   2293311 25.84
46      87903   891     0.01013 0.98987 87460   2204979 25.08
47      87012   924     0.01062 0.98938 86554   2117518 24.34
48      86088   985     0.01144 0.98856 85598   2030965 23.59
49      85103   981     0.01153 0.98847 84614   1945367 22.86
50      84122   1015    0.01206 0.98794 83619   1860753 22.12
51      83107   1079    0.01298 0.98702 82574   1777134 21.38
52      82028   1162    0.01417 0.98583 81455   1694561 20.66
53      80866   1280    0.01583 0.98417 80232   1613105 19.95
54      79586   1295    0.01628 0.98372 78942   1532874 19.26
55      78291   1362    0.01739 0.98261 77618   1453932 18.57
56      76929   1485    0.01931 0.98069 76196   1376314 17.89
57      75444   1585    0.02101 0.97899 74660   1300118 17.23
58      73859   1700    0.02301 0.97699 73013   1225458 16.59
59      72159   1687    0.02338 0.97662 71321   1152444 15.97
60      70472   1826    0.02591 0.97409 69574   1081124 15.34
61      68646   2036    0.02966 0.97034 67639   1011550 14.74
62      66610   2092    0.03141 0.96859 65569   943911  14.17
63      64518   2151    0.03334 0.96666 63448   878342  13.61
64      62367   2223    0.03564 0.96436 61262   814894  13.07
65      60144   2310    0.03841 0.96159 58995   753632  12.53
66      57834   2367    0.04093 0.95907 56655   694637  12.01
67      55467   2425    0.04371 0.95629 54262   637982  11.50
68      53042   2554    0.04815 0.95185 51769   583720  11.00
69      50488   2514    0.04979 0.95021 49231   531951  10.54
70      47974   2542    0.05300 0.94700 46714   482720  10.06
71      45432   2783    0.06125 0.93875 44038   436006  9.60
72      42649   2484    0.05825 0.94175 41413   391968  9.19
73      40165   2926    0.07286 0.92714 38700   350555  8.73
74      37239   2438    0.06547 0.93453 36001   311855  8.37
75      34801   2459    0.07065 0.92935 33575   275855  7.93
76      32342   2510    0.07760 0.92240 31077   242280  7.49
77      29832   2216    0.07428 0.92572 28733   211203  7.08
78      27616   2732    0.09892 0.90108 26259   182470  6.61
79      24884   2442    0.09814 0.90186 23650   156211  6.28
80      22442   2430    0.10829 0.89171 21229   132560  5.91
81      20012   2495    0.12467 0.87533 18756   111331  5.56
82      17517   2227    0.12715 0.87285 16391   92575   5.28
83      15290   2189    0.14316 0.85684 14184   76184   4.98
84      13101   1951    0.14894 0.85106 12108   62000   4.73
85      11150   1772    0.15896 0.84104 10248   49892   4.47
86      9378    1557    0.16607 0.83393 8583    39644   4.23
87      7821    1364    0.17437 0.82563 7127    31062   3.97
88      6457    1277    0.19781 0.80219 5806    23935   3.71
89      5180    1070    0.20656 0.79344 4631    18128   3.50
90      4110    950     0.23109 0.76891 3623    13497   3.28
91      3160    783     0.24771 0.75229 2756    9874    3.12
92      2377    640     0.26926 0.73074 2044    7118    2.99
93      1737    474     0.27286 0.72714 1488    5074    2.92
94      1263    346     0.27363 0.72637 1080    3586    2.84
95      917     241     0.26296 0.73704 789     2506    2.73
96      676     176     0.25996 0.74004 583     1717    2.54
97      500     125     0.24934 0.75066 434     1134    2.27
98      375     103     0.27383 0.72617 322     699     1.86
99      272     94      0.34431 0.65569 222     377     1.39
100     178     42      0.23717 0.76283 154     154     0.87
