# # Таблица построена модулем rtss.rosbris1959.ExportMortalityTables по данным в РосБРИС для РСФСР 2001
# Возраст в годах, Числа доживающих до возраста х лет, Числа умирающих при переходе от возраста x к возрасту х+1 лет, Вероятность умереть в течение предстоящего года жизни, Вероятность дожить до возраста х+1 лет, Числа живущих в возрасте х лет, Числа прожитых человеколет, Средняя продолжительность предстоящей жизни
# x, lx, dx, qx, px, Lx, Tx, ex

0       100000  1223    0.01223 0.98777 99389   7235501 72.36
1       98777   106     0.00107 0.99893 98724   7136112 72.24
2       98671   70      0.00071 0.99929 98636   7037388 71.32
3       98601   49      0.00050 0.99950 98577   6938752 70.37
4       98552   48      0.00048 0.99952 98528   6840176 69.41
5       98504   42      0.00043 0.99957 98482   6741648 68.44
6       98462   34      0.00035 0.99965 98445   6643165 67.47
7       98428   32      0.00032 0.99968 98412   6544721 66.49
8       98396   27      0.00028 0.99972 98382   6446309 65.51
9       98369   28      0.00028 0.99972 98355   6347927 64.53
10      98341   26      0.00027 0.99973 98328   6249572 63.55
11      98315   26      0.00027 0.99973 98302   6151244 62.57
12      98289   23      0.00024 0.99976 98278   6052942 61.58
13      98266   30      0.00030 0.99970 98252   5954664 60.60
14      98236   39      0.00040 0.99960 98217   5856413 59.62
15      98197   44      0.00045 0.99955 98176   5758196 58.64
16      98153   52      0.00053 0.99947 98128   5660020 57.67
17      98101   66      0.00067 0.99933 98069   5561892 56.70
18      98035   83      0.00085 0.99915 97994   5463823 55.73
19      97952   83      0.00084 0.99916 97911   5365829 54.78
20      97869   96      0.00098 0.99902 97822   5267918 53.83
21      97773   99      0.00102 0.99898 97724   5170096 52.88
22      97674   101     0.00103 0.99897 97624   5072372 51.93
23      97573   111     0.00114 0.99886 97518   4974748 50.98
24      97462   109     0.00112 0.99888 97408   4877230 50.04
25      97353   118     0.00121 0.99879 97295   4779823 49.10
26      97235   124     0.00128 0.99872 97173   4682528 48.16
27      97111   127     0.00131 0.99869 97048   4585355 47.22
28      96984   130     0.00134 0.99866 96920   4488307 46.28
29      96854   140     0.00145 0.99855 96785   4391387 45.34
30      96714   163     0.00168 0.99832 96633   4294602 44.41
31      96551   158     0.00164 0.99836 96472   4197969 43.48
32      96393   167     0.00174 0.99826 96311   4101497 42.55
33      96226   186     0.00193 0.99807 96134   4005186 41.62
34      96040   192     0.00200 0.99800 95945   3909052 40.70
35      95848   207     0.00216 0.99784 95746   3813107 39.78
36      95641   216     0.00226 0.99774 95533   3717361 38.87
37      95425   215     0.00226 0.99774 95318   3621828 37.95
38      95210   238     0.00250 0.99750 95093   3526510 37.04
39      94972   256     0.00270 0.99730 94846   3431417 36.13
40      94716   289     0.00306 0.99694 94574   3336571 35.23
41      94427   309     0.00327 0.99673 94274   3241997 34.33
42      94118   320     0.00340 0.99660 93959   3147723 33.44
43      93798   339     0.00361 0.99639 93630   3053764 32.56
44      93459   366     0.00392 0.99608 93280   2960134 31.67
45      93093   428     0.00459 0.99541 92883   2866854 30.80
46      92665   453     0.00489 0.99511 92440   2773971 29.94
47      92212   472     0.00512 0.99488 91978   2681531 29.08
48      91740   500     0.00545 0.99455 91493   2589553 28.23
49      91240   552     0.00604 0.99396 90969   2498060 27.38
50      90688   623     0.00687 0.99313 90381   2407091 26.54
51      90065   664     0.00737 0.99263 89737   2316709 25.72
52      89401   717     0.00802 0.99198 89042   2226973 24.91
53      88684   662     0.00746 0.99254 88358   2137930 24.11
54      88022   840     0.00955 0.99045 87609   2049572 23.28
55      87182   840     0.00964 0.99036 86766   1961963 22.50
56      86342   929     0.01076 0.98924 85882   1875197 21.72
57      85413   944     0.01105 0.98895 84940   1789315 20.95
58      84469   910     0.01078 0.98922 84021   1704375 20.18
59      83559   1119    0.01339 0.98661 83007   1620353 19.39
60      82440   1096    0.01330 0.98670 81895   1537346 18.65
61      81344   1197    0.01472 0.98528 80753   1455451 17.89
62      80147   1281    0.01599 0.98401 79511   1374698 17.15
63      78866   1294    0.01640 0.98360 78227   1295187 16.42
64      77572   1467    0.01891 0.98109 76851   1216961 15.69
65      76105   1598    0.02100 0.97900 75316   1140109 14.98
66      74507   1702    0.02284 0.97716 73663   1064794 14.29
67      72805   1761    0.02419 0.97581 71934   991131  13.61
68      71044   1927    0.02713 0.97287 70095   919197  12.94
69      69117   2102    0.03041 0.96959 68080   849102  12.28
70      67015   2261    0.03374 0.96626 65895   781022  11.65
71      64754   2363    0.03649 0.96351 63583   715127  11.04
72      62391   2519    0.04038 0.95962 61147   651544  10.44
73      59872   2724    0.04550 0.95450 58521   590397  9.86
74      57148   2791    0.04883 0.95117 55764   531876  9.31
75      54357   3008    0.05534 0.94466 52867   476111  8.76
76      51349   3138    0.06112 0.93888 49793   423244  8.24
77      48211   3322    0.06891 0.93109 46554   373451  7.75
78      44889   3236    0.07209 0.92791 43275   326897  7.28
79      41653   3420    0.08212 0.91788 39952   283622  6.81
80      38233   3447    0.09017 0.90983 36511   243670  6.37
81      34786   3464    0.09959 0.90041 33061   207159  5.96
82      31322   3615    0.11540 0.88460 29507   174098  5.56
83      27707   3293    0.11885 0.88115 26042   144590  5.22
84      24414   3171    0.12988 0.87012 22822   118548  4.86
85      21243   3126    0.14715 0.85285 19671   95727   4.51
86      18117   2955    0.16309 0.83691 16623   76056   4.20
87      15162   2735    0.18040 0.81960 13770   59432   3.92
88      12427   2366    0.19035 0.80965 11217   45663   3.67
89      10061   2094    0.20815 0.79185 8991    34445   3.42
90      7967    1823    0.22880 0.77120 7030    25454   3.19
91      6144    1493    0.24301 0.75699 5373    18423   3.00
92      4651    1246    0.26798 0.73202 4007    13050   2.81
93      3405    982     0.28827 0.71173 2892    9043    2.66
94      2423    727     0.29996 0.70004 2039    6151    2.54
95      1696    492     0.29018 0.70982 1435    4112    2.42
96      1204    372     0.30866 0.69134 1008    2677    2.22
97      832     258     0.31028 0.68972 696     1668    2.01
98      574     196     0.34088 0.65912 471     973     1.69
99      378     140     0.37091 0.62909 303     502     1.33
100     238     71      0.29938 0.70062 199     199     0.84
