# # Таблица построена модулем rtss.rosbris1959.ExportMortalityTables по данным в РосБРИС для РСФСР 1963
# Возраст в годах, Числа доживающих до возраста х лет, Числа умирающих при переходе от возраста x к возрасту х+1 лет, Вероятность умереть в течение предстоящего года жизни, Вероятность дожить до возраста х+1 лет, Числа живущих в возрасте х лет, Числа прожитых человеколет, Средняя продолжительность предстоящей жизни
# x, lx, dx, qx, px, Lx, Tx, ex

0       100000  3514    0.03514 0.96486 98243   6413221 64.13
1       96486   509     0.00527 0.99473 96232   6314978 65.45
2       95977   134     0.00139 0.99861 95910   6218747 64.79
3       95843   65      0.00068 0.99932 95811   6122837 63.88
4       95778   53      0.00055 0.99945 95752   6027026 62.93
5       95725   62      0.00064 0.99936 95695   5931275 61.96
6       95663   83      0.00087 0.99913 95623   5835580 61.00
7       95580   108     0.00113 0.99887 95528   5739956 60.05
8       95472   123     0.00129 0.99871 95411   5644429 59.12
9       95349   116     0.00122 0.99878 95290   5549018 58.20
10      95233   95      0.00100 0.99900 95184   5453728 57.27
11      95138   78      0.00082 0.99918 95098   5358544 56.32
12      95060   67      0.00071 0.99929 95026   5263446 55.37
13      94993   65      0.00069 0.99931 94961   5168420 54.41
14      94928   72      0.00076 0.99924 94893   5073459 53.45
15      94856   87      0.00092 0.99908 94814   4978567 52.49
16      94769   110     0.00116 0.99884 94716   4883752 51.53
17      94659   139     0.00147 0.99853 94592   4789036 50.59
18      94520   171     0.00181 0.99819 94437   4694444 49.67
19      94349   198     0.00210 0.99790 94252   4600007 48.76
20      94151   217     0.00231 0.99769 94044   4505755 47.86
21      93934   231     0.00245 0.99755 93819   4411712 46.97
22      93703   240     0.00256 0.99744 93584   4317892 46.08
23      93463   248     0.00265 0.99735 93340   4224308 45.20
24      93215   256     0.00275 0.99725 93088   4130969 44.32
25      92959   266     0.00287 0.99713 92827   4037881 43.44
26      92693   278     0.00300 0.99700 92555   3945054 42.56
27      92415   290     0.00314 0.99686 92271   3852499 41.69
28      92125   304     0.00330 0.99670 91974   3760228 40.82
29      91821   318     0.00347 0.99653 91663   3668254 39.95
30      91503   333     0.00364 0.99636 91338   3576591 39.09
31      91170   349     0.00382 0.99618 90997   3485253 38.23
32      90821   364     0.00401 0.99599 90640   3394256 37.37
33      90457   380     0.00420 0.99580 90268   3303616 36.52
34      90077   395     0.00438 0.99562 89881   3213347 35.67
35      89682   410     0.00457 0.99543 89478   3123467 34.83
36      89272   425     0.00476 0.99524 89061   3033988 33.99
37      88847   441     0.00496 0.99504 88628   2944928 33.15
38      88406   457     0.00516 0.99484 88179   2856300 32.31
39      87949   474     0.00539 0.99461 87714   2768121 31.47
40      87475   493     0.00564 0.99436 87230   2680407 30.64
41      86982   515     0.00592 0.99408 86726   2593177 29.81
42      86467   540     0.00625 0.99375 86199   2506451 28.99
43      85927   570     0.00663 0.99337 85645   2420251 28.17
44      85357   604     0.00707 0.99293 85058   2334607 27.35
45      84753   642     0.00758 0.99242 84435   2249549 26.54
46      84111   684     0.00813 0.99187 83773   2165113 25.74
47      83427   728     0.00873 0.99127 83067   2081341 24.95
48      82699   774     0.00937 0.99063 82316   1998274 24.16
49      81925   823     0.01005 0.98995 81518   1915958 23.39
50      81102   874     0.01078 0.98922 80669   1834440 22.62
51      80228   928     0.01157 0.98843 79769   1753771 21.86
52      79300   986     0.01244 0.98756 78812   1674002 21.11
53      78314   1051    0.01341 0.98659 77794   1595190 20.37
54      77263   1123    0.01453 0.98547 76708   1517396 19.64
55      76140   1205    0.01582 0.98418 75545   1440688 18.92
56      74935   1301    0.01736 0.98264 74293   1365143 18.22
57      73634   1412    0.01918 0.98082 72938   1290850 17.53
58      72222   1539    0.02131 0.97869 71464   1217912 16.86
59      70683   1679    0.02375 0.97625 69855   1146449 16.22
60      69004   1823    0.02642 0.97358 68104   1076593 15.60
61      67181   1956    0.02912 0.97088 66213   1008489 15.01
62      65225   2066    0.03167 0.96833 64200   942276  14.45
63      63159   2144    0.03395 0.96605 62092   878076  13.90
64      61015   2191    0.03591 0.96409 59923   815984  13.37
65      58824   2217    0.03768 0.96232 57718   756062  12.85
66      56607   2240    0.03957 0.96043 55489   698344  12.34
67      54367   2274    0.04183 0.95817 53234   642855  11.82
68      52093   2327    0.04467 0.95533 50935   589621  11.32
69      49766   2401    0.04825 0.95175 48572   538686  10.82
70      47365   2491    0.05259 0.94741 46127   490114  10.35
71      44874   2583    0.05756 0.94244 43590   443987  9.89
72      42291   2663    0.06298 0.93702 40965   400397  9.47
73      39628   2721    0.06867 0.93133 38271   359432  9.07
74      36907   2748    0.07447 0.92553 35534   321161  8.70
75      34159   2741    0.08024 0.91976 32787   285627  8.36
76      31418   2700    0.08595 0.91405 30063   252840  8.05
77      28718   2629    0.09155 0.90845 27396   222777  7.76
78      26089   2531    0.09701 0.90299 24814   195381  7.49
79      23558   2410    0.10231 0.89769 22342   170566  7.24
80      21148   2271    0.10739 0.89261 20000   148224  7.01
81      18877   2119    0.11223 0.88777 17804   128224  6.79
82      16758   1957    0.11681 0.88319 15766   110419  6.59
83      14801   1792    0.12110 0.87890 13891   94653   6.40
84      13009   1628    0.12513 0.87487 12181   80762   6.21
85      11381   1467    0.12888 0.87112 10634   68581   6.03
86      9914    1313    0.13241 0.86759 9245    57946   5.84
87      8601    1167    0.13573 0.86427 8006    48701   5.66
88      7434    1032    0.13888 0.86112 6907    40696   5.47
89      6402    908     0.14191 0.85809 5938    33788   5.28
90      5494    796     0.14484 0.85516 5087    27850   5.07
91      4698    694     0.14772 0.85228 4343    22763   4.85
92      4004    603     0.15058 0.84942 3695    18420   4.60
93      3401    522     0.15345 0.84655 3134    14725   4.33
94      2879    450     0.15638 0.84362 2648    11591   4.03
95      2429    387     0.15938 0.84062 2231    8943    3.68
96      2042    332     0.16249 0.83751 1872    6712    3.29
97      1710    283     0.16573 0.83427 1565    4841    2.83
98      1427    241     0.16912 0.83088 1303    3276    2.30
99      1186    205     0.17267 0.82733 1081    1973    1.66
100     981     173     0.17640 0.82360 892     892     0.91
