# age, both genders, male, female

# Таблица построена дезагрегацией данных АДХ при помощи модуля rtss.data.population.synthetic.PopulationADH

0    5,051,704       2,561,519       2,490,185      
1    4,857,339       2,457,249       2,400,090      
2    4,662,973       2,352,978       2,309,995      
3    4,468,609       2,248,708       2,219,901      
4    4,274,243       2,144,437       2,129,806      
5    4,079,877       2,040,166       2,039,711      
6    3,947,148       1,967,526       1,979,622      
7    3,922,101       1,951,144       1,970,957      
8    4,008,959       1,993,140       2,015,819      
9    4,202,914       2,091,023       2,111,891      
10   4,577,168       2,282,512       2,294,656      
11   4,752,878       2,373,030       2,379,848      
12   4,788,611       2,392,596       2,396,015      
13   4,676,305       2,337,031       2,339,274      
14   4,425,038       2,210,831       2,214,207      
15   3,992,101       1,993,272       1,998,829      
16   3,680,983       1,833,073       1,847,910      
17   3,431,758       1,700,992       1,730,766      
18   3,245,537       1,597,565       1,647,972      
19   3,118,619       1,521,097       1,597,522      
20   3,048,924       1,468,450       1,580,474      
21   3,034,008       1,449,405       1,584,603      
22   3,073,710       1,461,652       1,612,058      
23   3,168,885       1,505,762       1,663,123      
24   3,317,473       1,580,731       1,736,742      
25   3,558,452       1,706,991       1,851,461      
26   3,687,793       1,779,227       1,908,566      
27   3,737,138       1,813,670       1,923,468      
28   3,701,628       1,807,634       1,893,994      
29   3,584,989       1,762,478       1,822,511      
30   3,363,800       1,668,448       1,695,352      
31   3,192,928       1,589,462       1,603,466      
32   3,043,713       1,514,096       1,529,617      
33   2,917,913       1,443,296       1,474,617      
34   2,813,646       1,376,698       1,436,948      
35   2,738,382       1,314,975       1,423,407      
36   2,644,881       1,252,896       1,391,985      
37   2,541,626       1,191,349       1,350,277      
38   2,428,033       1,130,210       1,297,823      
39   2,305,080       1,069,571       1,235,509      
40   2,168,098       1,008,385       1,159,713      
41   2,047,271       952,534         1,094,737      
42   1,936,578       900,704         1,035,874      
43   1,836,002       852,779         983,223        
44   1,745,050       808,597         936,453        
45   1,662,641       767,461         895,180        
46   1,591,877       732,111         859,766        
47   1,531,651       701,776         829,875        
48   1,481,644       676,312         805,332        
49   1,441,187       655,340         785,847        
50   1,413,201       640,631         772,570        
51   1,379,117       621,049         758,068        
52   1,342,281       598,643         743,638        
53   1,302,456       573,309         729,147        
54   1,259,945       545,369         714,576        
55   1,213,344       513,148         700,196        
56   1,171,686       487,229         684,457        
57   1,133,142       465,484         667,658        
58   1,097,723       447,925         649,798        
59   1,065,105       434,214         630,891        
60   1,037,000       425,868         611,132        
61   1,002,957       413,363         589,594        
62   964,950         398,447         566,503        
63   922,942         381,038         541,904        
64   877,151         361,285         515,866        
65   827,450         339,014         488,436        
66   775,888         316,072         459,816        
67   722,265         292,211         430,054        
68   666,747         267,525         399,222        
69   609,651         242,178         367,473        
70   549,454         215,313         334,141        
71   495,984         192,370         303,614        
72   446,911         172,014         274,897        
73   401,962         154,067         247,895        
74   360,689         138,236         222,453        
75   322,901         124,664         198,237        
76   287,163         111,045         176,118        
77   253,428         97,741          155,687        
78   221,441         84,676          136,765        
79   191,067         71,874          119,193        
80   161,329         58,765          102,564        
81   136,521         48,444          88,077         
82   115,090         39,891          75,199         
83   96,569          32,850          63,719         
84   80,491          27,050          53,441         
85   66,238          22,271          43,967         
86   54,690          18,345          36,345         
87   45,167          15,121          30,046         
88   37,339          12,475          24,864         
89   30,911          10,306          20,605         
90   25,643          8,532           17,111         
91   21,337          7,085           14,252         
92   17,832          5,909           11,923         
93   14,995          4,959           10,036         
94   12,718          4,198           8,520          
95   10,919          3,598           7,321          
96   9,525           3,133           6,392          
97   8,486           2,788           5,698          
98   7,762           2,547           5,215          
99   7,325           2,402           4,923          
100  7,114           2,332           4,782          
