# Возраст в годах, Числа доживающих до возраста х лет , Числа умирающих при переходе от возраста x к возрасту х+1 лет , Вероятность умереть в течение предстоящего года жизни, Вероятность дожить до возраста х+1 лет, Числа живущих в возрасте х лет, Числа прожитых человеколет, Средняя продолжительность предстоящей жизни
# x, lх, dх, qх, pх, Lх, Tх, eх

		0	100000	15867	0.15867	0.84133	90156	4797315	47.97
		1	84133	5682	0.06753	0.93247	80023	4707159	55.95
		2	78451	2496	0.03181	0.96819	76649	4627136	58.98
		3	75955	1328	0.01748	0.98252	75016	4550487	59.91
		4	74627	815	0.01092	0.98908	74045	4475471	59.97
									
		5	73812	650	0.00881	0.99119	73475	4401426	59.63
		6	73162	516	0.00705	0.99295	72894	4327951	59.16
		7	72646	408	0.00562	0.99438	72434	4255057	58.57
		8	72238	325	0.00450	0.99550	72070	4182623	57.90
		9	71913	262	0.00365	0.99635	71778	4110553	57.16
									
		10	71651	219	0.00306	0.99694	71539	4038775	56.37
		11	71432	193	0.00270	0.99730	71334	3967236	55.54
		12	71239	180	0.00253	0.99747	71149	3895902	54.69
		13	71059	181	0.00255	0.99745	70970	3824753	53.83
		14	70878	192	0.00271	0.99729	70783	3753783	52.96
									
		15	70686	213	0.00301	0.99699	70582	3683000	52.10
		16	70473	236	0.00335	0.99665	70357	3612418	51.26
		17	70237	267	0.00380	0.99620	70106	3542061	50.43
		18	69970	282	0.00403	0.99597	69830	3471955	49.62
		19	69688	290	0.00416	0.99584	69544	3402125	48.82
									
		20	69398	296	0.00427	0.99573	69250	3332581	48.02
		21	69102	301	0.00436	0.99564	68952	3263331	47.22
		22	68801	305	0.00444	0.99556	68649	3194379	46.43
		23	68496	308	0.00450	0.99550	68342	3125730	45.63
		24	68188	312	0.00457	0.99543	68032	3057388	44.84
									
		25	67876	314	0.00463	0.99537	67719	2989356	44.04
		26	67562	317	0.00469	0.99531	67404	2921637	43.24
		27	67245	320	0.00476	0.99524	67085	2854233	42.45
		28	66925	324	0.00484	0.99516	66763	2787148	41.65
		29	66601	329	0.00494	0.99506	66437	2720385	40.85
									
		30	66272	335	0.00505	0.99495	66106	2653948	40.05
		31	65937	343	0.00520	0.99480	65767	2587842	39.25
		32	65594	354	0.00539	0.99461	65418	2522075	38.45
		33	65240	365	0.00560	0.99440	65059	2456657	37.66
		34	64875	378	0.00583	0.99417	64687	2391598	36.86
									
		35	64497	390	0.00605	0.99395	64303	2326911	36.08
		36	64107	403	0.00628	0.99372	63907	2262608	35.29
		37	63704	415	0.00651	0.99349	63498	2198701	34.51
		38	63289	427	0.00675	0.99325	63077	2135203	33.74
		39	62862	441	0.00701	0.99299	62643	2072126	32.96
									
		40	62421	453	0.00726	0.99274	62196	2009483	32.19
		41	61968	464	0.00749	0.99251	61737	1947287	31.42
		42	61504	475	0.00773	0.99227	61268	1885550	30.66
		43	61029	488	0.00800	0.99200	60786	1824282	29.89
		44	60541	502	0.00830	0.99170	60291	1763496	29.13
									
		45	60039	521	0.00868	0.99132	59781	1703205	28.37
		46	59518	543	0.00913	0.99087	59249	1643424	27.61
		47	58975	567	0.00962	0.99038	58694	1584175	26.86
		48	58408	592	0.01014	0.98986	58114	1525481	26.12
		49	57816	618	0.01069	0.98931	57509	1467367	25.38
									
		50	57198	642	0.01123	0.98877	56879	1409858	24.65
		51	56556	665	0.01176	0.98824	56226	1352979	23.92
		52	55891	687	0.01230	0.98770	55550	1296753	23.20
		53	55204	711	0.01288	0.98712	54851	1241203	22.48
		54	54493	736	0.01350	0.98650	54127	1186352	21.77
									
		55	53757	763	0.01420	0.98580	53378	1132225	21.06
		56	52994	795	0.01500	0.98500	52600	1078847	20.36
		57	52199	828	0.01586	0.98414	51788	1026247	19.66
		58	51371	861	0.01677	0.98323	50944	974459	18.97
		59	50510	898	0.01778	0.98222	50064	923515	18.28
									
		60	49612	942	0.01899	0.98101	49145	873451	17.61
		61	48670	994	0.02042	0.97958	48178	824306	16.94
		62	47676	1050	0.02203	0.97797	47156	776128	16.28
		63	46626	1110	0.02380	0.97620	46076	728972	15.63
		64	45516	1172	0.02575	0.97425	44935	682896	15.00
									
		65	44344	1235	0.02786	0.97214	43732	637961	14.39
		66	43109	1300	0.03015	0.96985	42465	594229	13.78
		67	41809	1368	0.03273	0.96727	41131	551764	13.20
		68	40441	1441	0.03562	0.96438	39727	510633	12.63
		69	39000	1515	0.03884	0.96116	38249	470906	12.07
									
		70	37485	1587	0.04234	0.95766	36698	432657	11.54
		71	35898	1656	0.04612	0.95388	35076	395959	11.03
		72	34242	1720	0.05024	0.94976	33387	360883	10.54
		73	32522	1782	0.05480	0.94520	31636	327496	10.07
		74	30740	1836	0.05974	0.94026	29826	295860	9.62
									
		75	28904	1868	0.06464	0.93536	27972	266034	9.20
		76	27036	1873	0.06926	0.93074	26100	238062	8.81
		77	25163	1859	0.07388	0.92612	24232	211962	8.42
		78	23304	1832	0.07861	0.92139	22385	187730	8.06
		79	21472	1793	0.08351	0.91649	20573	165345	7.70
									
		80	19679	1748	0.08884	0.91116	18801	144772	7.36
		81	17931	1697	0.09464	0.90536	17078	125971	7.03
		82	16234	1635	0.10069	0.89931	15411	108893	6.71
		83	14599	1562	0.10702	0.89298	13812	93482	6.40
		84	13037	1481	0.11363	0.88637	12290	79670	6.11
									
		85	11556	1393	0.12053	0.87947	10852	67380	5.83
		86	10163	1298	0.12773	0.87227	9506	56528	5.56
		87	8865	1199	0.13523	0.86477	8258	47022	5.31
		88	7666	1097	0.14306	0.85694	7109	38764	5.06
		89	6569	993	0.15121	0.84879	6064	31655	4.82
									
		90	5576	891	0.15971	0.84029	5123	25591	4.59
		91	4685	790	0.16855	0.83145	4282	20468	4.37
		92	3895	692	0.17775	0.82225	3541	16186	4.16
		93	3203	600	0.18732	0.81268	2896	12645	3.95
		94	2603	513	0.19727	0.80273	2340	9749	3.75
									
		95	2090	434	0.20760	0.79240	1867	7409	3.55
		96	1,656	362	0.21832	0.78168	1469	5542	3.35
		97	1294	297	0.22944	0.77056	1141	4073	3.15
		98	997	240	0.24097	0.75903	873	2932	2.94
		99	757	191	0.25291	0.74709	658	2059	2.72
		100	566	150	0.26527	0.73473	488	1401	2.48

