# Возраст в годах, Числа доживающих до возраста х лет , Числа умирающих при переходе от возраста x к возрасту х+1 лет , Вероятность умереть в течение предстоящего года жизни, Вероятность дожить до возраста х+1 лет, Числа живущих в возрасте х лет, Числа прожитых человеколет, Средняя продолжительность предстоящей жизни
# x, lх, dх, qх, pх, Lх, Tх, eх

                0       100000  15162   0.15162 0.84838 90920   4968689 49.69
                1       84838   6285    0.07408 0.92592 80395   4877769 57.50
                2       78553   2463    0.03136 0.96864 76838   4797374 61.07
                3       76090   1269    0.01668 0.98332 75224   4720536 62.04
                4       74821   772     0.01032 0.98968 74286   4645312 62.09
                                                                        
                5       74049   604     0.00816 0.99184 73734   4571026 61.73
                6       73445   470     0.00640 0.99360 73200   4497292 61.23
                7       72975   366     0.00501 0.99499 72784   4424092 60.62
                8       72609   287     0.00395 0.99605 72460   4351308 59.93
                9       72322   231     0.00319 0.99681 72203   4278848 59.16
                                                                        
                10      72091   193     0.00268 0.99732 71993   4206645 58.35
                11      71898   172     0.00239 0.99761 71811   4134652 57.51
                12      71726   164     0.00229 0.99771 71644   4062841 56.64
                13      71562   167     0.00234 0.99766 71480   3991197 55.77
                14      71395   178     0.00250 0.99750 71307   3919717 54.90
                                                                        
                15      71217   194     0.00273 0.99727 71122   3848410 54.04
                16      71023   214     0.00301 0.99699 70918   3777288 53.18
                17      70809   232     0.00328 0.99672 70694   3706370 52.34
                18      70577   249     0.00353 0.99647 70454   3635676 51.51
                19      70328   261     0.00371 0.99629 70199   3565222 50.69
                                                                        
                20      70067   269     0.00384 0.99616 69934   3495023 49.88
                21      69798   276     0.00395 0.99605 69661   3425089 49.07
                22      69522   282     0.00405 0.99595 69381   3355428 48.26
                23      69240   286     0.00413 0.99587 69097   3286047 47.46
                24      68954   289     0.00419 0.99581 68810   3216950 46.65
                                                                        
                25      68665   293     0.00427 0.99573 68519   3148140 45.85
                26      68372   296     0.00433 0.99567 68224   3079621 45.04
                27      68076   299     0.00439 0.99561 67927   3011397 44.24
                28      67777   302     0.00445 0.99555 67626   2943470 43.43
                29      67475   306     0.00453 0.99547 67322   2875844 42.62
                                                                        
                30      67169   312     0.00464 0.99536 67014   2808522 41.81
                31      66857   318     0.00476 0.99524 66699   2741508 41.01
                32      66539   327     0.00491 0.99509 66377   2674809 40.20
                33      66212   336     0.00507 0.99493 66045   2608432 39.40
                34      65876   345     0.00524 0.99476 65705   2542387 38.59
                                                                        
                35      65531   354     0.00540 0.99460 65355   2476682 37.79
                36      65177   362     0.00555 0.99445 64997   2411327 37.00
                37      64815   369     0.00570 0.99430 64632   2346330 36.20
                38      64446   377     0.00585 0.99415 64259   2281698 35.40
                39      64069   385     0.00601 0.99399 63878   2217439 34.61
                                                                        
                40      63684   391     0.00614 0.99386 63489   2153561 33.82
                41      63293   395     0.00624 0.99376 63096   2090072 33.02
                42      62898   400     0.00636 0.99364 62698   2026976 32.23
                43      62498   406     0.00650 0.99350 62296   1964278 31.43
                44      62092   412     0.00664 0.99336 61887   1901982 30.63
                                                                        
                45      61680   423     0.00686 0.99314 61470   1840095 29.83
                46      61257   439     0.00716 0.99284 61039   1778625 29.04
                47      60818   456     0.00749 0.99251 60591   1717586 28.24
                48      60362   474     0.00785 0.99215 60127   1656995 27.45
                49      59888   493     0.00823 0.99177 59644   1596868 26.66
                                                                        
                50      59395   511     0.00861 0.99139 59142   1537224 25.88
                51      58884   529     0.00898 0.99102 58622   1478082 25.10
                52      58355   547     0.00937 0.99063 58084   1419460 24.32
                53      57808   567     0.00980 0.99020 57527   1361376 23.55
                54      57241   588     0.01027 0.98973 56949   1303849 22.78
                                                                        
                55      56653   615     0.01085 0.98915 56348   1246900 22.01
                56      56038   647     0.01155 0.98845 55718   1190552 21.25
                57      55391   682     0.01232 0.98768 55053   1134834 20.49
                58      54709   721     0.01317 0.98683 54352   1079781 19.74
                59      53988   763     0.01414 0.98586 53611   1025429 18.99
                                                                        
                60      53225   813     0.01528 0.98472 52824   971818  18.26
                61      52412   872     0.01664 0.98336 51981   918994  17.53
                62      51540   938     0.01819 0.98181 51077   867013  16.82
                63      50602   1008    0.01993 0.98007 50104   815936  16.12
                64      49594   1085    0.02188 0.97812 49059   765832  15.44
                                                                        
                65      48509   1165    0.02402 0.97598 47934   716773  14.78
                66      47344   1248    0.02637 0.97363 46727   668839  14.13
                67      46096   1335    0.02896 0.97104 45436   622112  13.50
                68      44761   1426    0.03185 0.96815 44056   576676  12.88
                69      43335   1519    0.03506 0.96494 42584   532620  12.29
                                                                        
                70      41816   1613    0.03858 0.96142 41018   490036  11.72
                71      40203   1707    0.04246 0.95754 39358   449018  11.17
                72      38496   1801    0.04678 0.95322 37604   409660  10.64
                73      36695   1893    0.05158 0.94842 35756   372056  10.14
                74      34802   1978    0.05683 0.94317 33819   336300  9.66
                                                                        
                75      32824   2035    0.06200 0.93800 31810   302481  9.22
                76      30789   2058    0.06684 0.93316 29761   270671  8.79
                77      28731   2061    0.07174 0.92826 27701   240910  8.39
                78      26670   2049    0.07681 0.92319 25644   213209  7.99
                79      24621   2021    0.08208 0.91792 23608   187565  7.62
                                                                        
                80      22600   1984    0.08778 0.91222 21605   163957  7.25
                81      20616   1939    0.09407 0.90593 19643   142352  6.90
                82      18677   1880    0.10068 0.89932 17732   122709  6.57
                83      16797   1808    0.10762 0.89238 15886   104977  6.25
                84      14989   1722    0.11491 0.88509 14120   89091   5.94
                                                                        
                85      13267   1626    0.12254 0.87746 12446   74971   5.65
                86      11641   1520    0.13055 0.86945 10872   62525   5.37
                87      10121   1406    0.13895 0.86105 9408    51653   5.10
                88      8715    1288    0.14774 0.85226 8061    42245   4.85
                89      7427    1166    0.15695 0.84305 6834    34184   4.60
                                                                        
                90      6261    1043    0.16659 0.83341 5730    27350   4.37
                91      5218    922     0.17666 0.82334 4747    21620   4.14
                92      4296    804     0.18718 0.81282 3884    16873   3.93
                93      3492    692     0.19816 0.80184 3137    12989   3.72
                94      2800    587     0.20962 0.79038 2499    9852    3.52
                                                                        
                95      2213    490     0.22157 0.77843 1960    7353    3.32
                96      1723    403     0.23401 0.76599 1515    5393    3.13
                97      1320    326     0.24696 0.75304 1151    3878    2.94
                98      994     259     0.26041 0.73959 860     2727    2.74
                99      735     202     0.27439 0.72561 630     1867    2.54
                100     533     154     0.28889 0.71111 452     1237    2.32

