# Возраст в годах, Числа доживающих до возраста х лет , Числа умирающих при переходе от возраста x к возрасту х+1 лет , Вероятность умереть в течение предстоящего года жизни, Вероятность дожить до возраста х+1 лет, Числа живущих в возрасте х лет, Числа прожитых человеколет, Средняя продолжительность предстоящей жизни
# x, lх, dх, qх, pх, Lх, Tх, eх

		0	100000	16154	0.16154	0.83846	90856	4820785	48.21
		1	83846	7730	0.09219	0.90781	78562	4729929	56.41
		2	76116	2431	0.03194	0.96806	74565	4651367	61.11
		3	73685	1113	0.01510	0.98490	73005	4576802	62.11
		4	72572	628	0.00866	0.99134	72184	4503797	62.06
									
		5	71944	473	0.00657	0.99343	71697	4431613	61.60
		6	71471	357	0.00499	0.99501	71285	4359916	61.00
		7	71114	272	0.00383	0.99617	70972	4288631	60.31
		8	70842	214	0.00302	0.99698	70731	4217659	59.54
		9	70628	175	0.00248	0.99752	70538	4146928	58.72
									
		10	70453	152	0.00216	0.99784	70376	4076390	57.86
		11	70301	141	0.00200	0.99800	70230	4006014	56.98
		12	70160	138	0.00197	0.99803	70091	3935784	56.10
		13	70022	142	0.00203	0.99797	69952	3865693	55.21
		14	69880	150	0.00215	0.99785	69806	3795741	54.32
									
		15	69730	161	0.00231	0.99769	69651	3725935	53.43
		16	69569	173	0.00249	0.99751	69484	3656284	52.56
		17	69396	187	0.00269	0.99731	69304	3586800	51.69
		18	69209	199	0.00288	0.99712	69111	3517496	50.82
		19	69010	212	0.00307	0.99693	68905	3448385	49.97
									
		20	68798	223	0.00324	0.99676	68688	3379480	49.12
		21	68575	234	0.00341	0.99659	68459	3310792	48.28
		22	68341	244	0.00357	0.99643	68220	3242333	47.44
		23	68097	253	0.00371	0.99629	67972	3174113	46.61
		24	67844	261	0.00384	0.99616	67715	3106141	45.78
									
		25	67583	267	0.00395	0.99605	67450	3038426	44.96
		26	67316	271	0.00403	0.99597	67181	2970976	44.13
		27	67045	274	0.00409	0.99591	66908	2903795	43.31
		28	66771	274	0.00410	0.99590	66634	2836887	42.49
		29	66497	277	0.00416	0.99584	66359	2770253	41.66
									
		30	66220	282	0.00426	0.99574	66080	2703894	40.83
		31	65938	289	0.00438	0.99562	65795	2637814	40.00
		32	65649	297	0.00452	0.99548	65502	2572019	39.18
		33	65352	306	0.00468	0.99532	65200	2506517	38.35
		34	65046	315	0.00484	0.99516	64890	2441317	37.53
									
		35	64731	324	0.00500	0.99500	64570	2376427	36.71
		36	64407	332	0.00516	0.99484	64242	2311857	35.89
		37	64075	340	0.00531	0.99469	63906	2247615	35.08
		38	63735	348	0.00546	0.99454	63562	2183709	34.26
		39	63387	357	0.00563	0.99437	63210	2120147	33.45
									
		40	63030	364	0.00578	0.99422	62849	2056937	32.63
		41	62666	372	0.00593	0.99407	62481	1994088	31.82
		42	62294	381	0.00612	0.99388	62105	1931607	31.01
		43	61913	391	0.00632	0.99368	61719	1869502	30.20
		44	61522	403	0.00655	0.99345	61322	1807783	29.38
									
		45	61119	419	0.00686	0.99314	60912	1746461	28.57
		46	60700	441	0.00726	0.99274	60482	1685549	27.77
		47	60259	463	0.00769	0.99231	60030	1625067	26.97
		48	59796	488	0.00816	0.99184	59554	1565037	26.17
		49	59308	514	0.00866	0.99134	59053	1505483	25.38
									
		50	58794	539	0.00917	0.99083	58527	1446430	24.60
		51	58255	563	0.00967	0.99033	57976	1387903	23.82
		52	57,692	589	0.01021	0.98979	57400	1329927	23.05
		53	57103	616	0.01079	0.98921	56797	1272527	22.28
		54	56487	646	0.01143	0.98857	56167	1215730	21.52
									
		55	55841	680	0.01218	0.98782	55004	1159563	20.77
		56	55161	720	0.01306	0.98694	54805	1104559	20.02
		57	54441	765	0.01405	0.98595	54063	1049754	19.28
		58	53676	814	0.01516	0.98484	53273	995691	18.55
		59	52862	865	0.01637	0.98363	52434	942418	17.83
									
		60	51997	921	0.01772	0.98228	51542	889984	17.12
		61	51076	982	0.01922	0.98078	50590	838442	16.42
		62	50094	1044	0.02085	0.97915	49577	787852	15.73
		63	49050	1110	0.02263	0.97737	48501	738275	15.05
		64	47940	1179	0.02459	0.97541	47357	689774	14.39
									
		65	46761	1253	0.02680	0.97320	46141	642417	13.74
		66	45508	1334	0.02931	0.97069	44848	596276	13.10
		67	44174	1419	0.03212	0.96788	43472	551428	12.48
		68	42755	1507	0.03525	0.96475	42009	507956	11.88
		69	41248	1598	0.03875	0.96125	40457	465947	11.30
									
		70	39650	1692	0.04268	0.95732	38812	425490	10.73
		71	37958	1787	0.04709	0.95291	37073	386678	10.19
		72	36171	1885	0.05210	0.94790	35237	349605	9.67
		73	34286	1979	0.05773	0.94227	33305	314368	9.17
		74	32307	2068	0.06402	0.93598	31279	281063	8.70
									
		75	30239	2125	0.07027	0.92973	29180	249784	8.26
		76	28114	2141	0.07616	0.92384	27045	220604	7.85
		77	25,973	2138	0.08233	0.91767	24903	193559	7.45
		78	23835	2120	0.08894	0.91106	22773	168656	7.08
		79	21715	2085	0.09602	0.90398	20670	145883	6.72
									
		80	19630	2038	0.10384	0.89616	18606	125213	6.38
		81	17592	1961	0.11146	0.88854	16605	106607	6.06
		82	15631	1866	0.11936	0.88064	14689	90002	5.76
		83	13765	1756	0.12760	0.87240	12877	75313	5.47
		84	12009	1635	0.13615	0.86385	11182	62436	5.20
									
		85	10374	1505	0.14505	0.85495	9611	51254	4.94
		86	8869	1368	0.15430	0.84570	8173	41643	4.70
		87	7501	1229	0.16388	0.83612	6875	33470	4.46
		88	6272	1090	0.17384	0.82616	5716	26595	4.24
		89	5182	954	0.18416	0.81584	4694	20879	4.03
									
		90	4228	824	0.19486	0.80514	3805	16185	3.83
		91	3404	701	0.20594	0.79406	3044	12380	3.64
		92	2703	588	0.21741	0.78259	2400	9336	3.45
		93	2115	485	0.22927	0.77073	1865	6936	3.28
		94	1630	394	0.24153	0.75847	1426	5071	3.11
									
		95	1236	314	0.25419	0.74581	1073	3645	2.95
		96	922	246	0.26725	0.73275	794	2572	2.79
		97	676	190	0.28072	0.71928	577	1778	2.63
		98	486	143	0.29460	0.70540	411	1201	2.47
		99	343	106	0.30888	0.69112	287	790	2.30
		100	237	77	0.32355	0.67645	197	503	2.12

