# age, both genders, male, female

# Таблица построена дезагрегацией данных АДХ при помощи модуля rtss.data.population.synthetic.PopulationADH

0    1,763,998       891,393         872,605        
1    2,213,894       1,114,398       1,099,496      
2    2,663,790       1,337,403       1,326,387      
3    3,113,686       1,560,408       1,553,278      
4    3,563,583       1,783,413       1,780,170      
5    4,013,480       2,006,419       2,007,061      
6    4,436,457       2,215,205       2,221,252      
7    4,642,548       2,315,943       2,326,605      
8    4,611,620       2,298,727       2,312,893      
9    4,355,895       2,169,706       2,186,189      
10   3,791,260       1,887,325       1,903,935      
11   3,503,572       1,741,874       1,761,698      
12   3,372,715       1,673,746       1,698,969      
13   3,403,910       1,685,412       1,718,498      
14   3,589,542       1,772,642       1,816,900      
15   4,020,763       1,982,956       2,037,807      
16   4,243,910       2,076,159       2,167,751      
17   4,327,896       2,088,844       2,239,052      
18   4,261,953       2,016,126       2,245,827      
19   4,053,478       1,863,914       2,189,564      
20   3,670,080       1,612,340       2,057,740      
21   3,357,138       1,421,735       1,935,403      
22   3,067,043       1,259,052       1,807,991      
23   2,800,960       1,123,760       1,677,200      
24   2,557,778       1,013,113       1,544,665      
25   2,317,741       921,346         1,396,395      
26   2,180,679       865,922         1,314,757      
27   2,122,592       841,236         1,281,356      
28   2,143,485       846,848         1,296,637      
29   2,240,504       881,649         1,358,855      
30   2,451,315       959,345         1,491,970      
31   2,587,726       1,011,053       1,576,673      
32   2,679,247       1,047,707       1,631,540      
33   2,720,785       1,067,482       1,653,303      
34   2,712,929       1,070,414       1,642,515      
35   2,644,698       1,053,700       1,590,998      
36   2,581,471       1,033,450       1,548,021      
37   2,511,973       1,006,992       1,504,981      
38   2,437,505       974,757         1,462,748      
39   2,358,354       937,102         1,421,252      
40   2,272,882       892,426         1,380,456      
41   2,191,876       851,450         1,340,426      
42   2,113,322       812,196         1,301,126      
43   2,037,315       774,767         1,262,548      
44   1,963,606       739,161         1,224,445      
45   1,893,367       704,390         1,188,977      
46   1,819,180       675,615         1,143,565      
47   1,742,426       651,680         1,090,746      
48   1,663,134       632,522         1,030,612      
49   1,581,893       617,793         964,100        
50   1,495,930       609,332         886,598        
51   1,423,635       595,861         827,774        
52   1,360,750       579,425         781,325        
53   1,307,012       559,902         747,110        
54   1,261,674       537,481         724,193        
55   1,227,343       511,563         715,780        
56   1,187,620       486,424         701,196        
57   1,145,424       461,313         684,111        
58   1,100,512       436,299         664,213        
59   1,053,101       411,401         641,700        
60   1,002,101       386,349         615,752        
61   954,395         362,670         591,725        
62   908,654         340,017         568,637        
63   864,903         318,353         546,550        
64   822,948         297,611         525,337        
65   783,515         277,761         505,754        
66   741,769         258,566         483,203        
67   698,612         240,011         458,601        
68   654,016         222,047         431,969        
69   608,089         204,615         403,474        
70   560,630         187,830         372,800        
71   513,377         170,735         342,642        
72   466,033         153,513         312,520        
73   418,629         136,156         282,473        
74   371,332         118,767         252,565        
75   322,579         100,522         222,057        
76   281,468         86,288          195,180        
77   245,439         74,666          170,773        
78   213,994         65,394          148,600        
79   186,520         58,129          128,391        
80   162,740         53,094          109,646        
81   140,995         47,509          93,486         
82   121,171         41,873          79,298         
83   102,953         36,147          66,806         
84   86,139          30,376          55,763         
85   69,997          24,267          45,730         
86   57,279          19,612          37,667         
87   46,861          15,833          31,028         
88   38,377          12,793          25,584         
89   31,470          10,347          21,123         
90   25,857          8,382           17,475         
91   21,308          6,808           14,500         
92   17,632          5,550           12,082         
93   14,679          4,551           10,128         
94   12,326          3,762           8,564          
95   10,476          3,148           7,328          
96   9,053           2,680           6,373          
97   7,995           2,334           5,661          
98   7,262           2,096           5,166          
99   6,819           1,952           4,867          
100  6,607           1,884           4,723          
