# age, both genders, male, female

# Таблица построена дезагрегацией данных АДХ при помощи модуля rtss.data.population.synthetic.PopulationADH

0    2,582,130       1,313,522       1,268,608      
1    2,557,855       1,296,457       1,261,398      
2    2,533,580       1,279,392       1,254,188      
3    2,509,305       1,262,327       1,246,978      
4    2,485,029       1,245,262       1,239,767      
5    2,460,754       1,228,197       1,232,557      
6    2,459,672       1,223,202       1,236,470      
7    2,486,473       1,234,014       1,252,459      
8    2,542,571       1,261,429       1,281,142      
9    2,625,530       1,304,158       1,321,372      
10   2,765,583       1,378,418       1,387,165      
11   2,796,144       1,395,216       1,400,928      
12   2,744,576       1,369,121       1,375,455      
13   2,609,275       1,299,276       1,309,999      
14   2,398,421       1,189,968       1,208,453      
15   2,080,964       1,025,672       1,055,292      
16   1,882,296       921,059         961,237        
17   1,753,232       850,883         902,349        
18   1,693,116       814,597         878,519        
19   1,697,392       809,789         887,603        
20   1,785,149       844,513         940,636        
21   1,850,680       872,593         978,087        
22   1,912,094       902,090         1,010,004      
23   1,967,322       932,212         1,035,110      
24   2,015,754       962,592         1,053,162      
25   2,062,783       997,456         1,065,327      
26   2,076,846       1,012,699       1,064,147      
27   2,063,086       1,012,175       1,050,911      
28   2,021,050       995,441         1,025,609      
29   1,952,236       963,230         989,006        
30   1,848,865       911,819         937,046        
31   1,762,455       866,399         896,056        
32   1,683,544       822,457         861,087        
33   1,612,743       780,358         832,385        
34   1,549,393       739,968         809,425        
35   1,496,183       701,328         794,855        
36   1,435,948       663,599         772,349        
37   1,371,785       626,861         744,924        
38   1,303,492       591,041         712,451        
39   1,231,592       556,171         675,421        
40   1,153,011       521,388         631,623        
41   1,086,852       491,323         595,529        
42   1,029,140       464,895         564,245        
43   979,771         441,994         537,777        
44   938,226         422,400         515,826        
45   905,136         406,369         498,767        
46   874,668         391,453         483,215        
47   847,700         378,015         469,685        
48   824,029         365,965         458,064        
49   803,466         355,197         448,269        
50   786,930         346,296         440,634        
51   768,616         335,634         432,982        
52   749,573         323,886         425,687        
53   729,727         311,020         418,707        
54   709,153         297,164         411,989        
55   687,612         281,606         406,006        
56   666,778         268,773         398,005        
57   646,283         257,783         388,500        
58   626,123         248,645         377,478        
59   606,203         241,193         365,010        
60   587,176         236,293         350,883        
61   565,286         228,617         336,669        
62   541,277         219,165         322,112        
63   515,167         207,915         307,252        
64   487,094         195,010         292,084        
65   456,910         180,093         276,817        
66   426,299         165,968         260,331        
67   395,005         152,112         242,893        
68   363,090         138,548         224,542        
69   330,696         125,279         205,417        
70   296,909         111,983         184,926        
71   267,325         100,347         166,978        
72   240,574         89,906          150,668        
73   216,472         80,566          135,906        
74   194,718         72,197          122,521        
75   175,364         64,834          110,530        
76   156,504         57,593          98,911         
77   138,369         50,593          87,776         
78   120,846         43,791          77,055         
79   103,916         37,188          66,728         
80   86,938          30,494          56,444         
81   73,118          25,208          47,910         
82   61,391          20,826          40,565         
83   51,476          17,220          34,256         
84   43,077          14,252          28,825         
85   35,910          11,817          24,093         
86   29,979          9,799           20,180         
87   25,045          8,132           16,913         
88   20,948          6,756           14,192         
89   17,550          5,621           11,929         
90   14,739          4,688           10,051         
91   12,421          3,923           8,498          
92   10,517          3,298           7,219          
93   8,965           2,792           6,173          
94   7,710           2,384           5,326          
95   6,711           2,062           4,649          
96   5,934           1,812           4,122          
97   5,351           1,625           3,726          
98   4,944           1,495           3,449          
99   4,697           1,416           3,281          
100  4,579           1,379           3,200          
