# Таблица построена по данным АДХ-РСФСР модулем rtss.data.mortality.synthetic.MortalityTableADH
# Возраст в годах, Числа доживающих до возраста х лет, Числа умирающих при переходе от возраста x к возрасту х+1 лет, Вероятность умереть в течение предстоящего года жизни, Вероятность дожить до возраста х+1 лет, Числа живущих в возрасте х лет, Числа прожитых человеколет, Средняя продолжительность предстоящей жизни
# x, lx, dx, qx, px, Lx, Tx, ex

0       100000  31980   0.31980 0.68020 84010   1846616 18.47
1       68020   11449   0.16832 0.83168 62296   1762606 25.91
2       56571   5393    0.09533 0.90467 53875   1700310 30.06
3       51178   3064    0.05986 0.94014 49646   1646436 32.17
4       48114   2016    0.04191 0.95809 47106   1596790 33.19
5       46098   1492    0.03237 0.96763 45318   1549684 33.62
6       44606   1206    0.02703 0.97297 43984   1504366 33.73
7       43400   1040    0.02397 0.97603 42869   1460381 33.65
8       42360   941     0.02222 0.97778 41883   1417513 33.46
9       41419   881     0.02127 0.97873 40974   1375630 33.21
10      40538   842     0.02078 0.97922 40114   1334655 32.92
11      39696   816     0.02056 0.97944 39286   1294541 32.61
12      38880   795     0.02045 0.97955 38481   1255255 32.29
13      38085   776     0.02037 0.97963 37695   1216774 31.95
14      37309   757     0.02028 0.97972 36929   1179079 31.60
15      36552   738     0.02020 0.97980 36182   1142150 31.25
16      35814   723     0.02019 0.97981 35451   1105968 30.88
17      35091   711     0.02027 0.97973 34735   1070517 30.51
18      34380   704     0.02048 0.97952 34028   1035782 30.13
19      33676   701     0.02081 0.97919 33325   1001755 29.75
20      32975   700     0.02124 0.97876 32625   968429  29.37
21      32275   701     0.02173 0.97827 31925   935804  28.99
22      31574   703     0.02225 0.97775 31223   903880  28.63
23      30871   703     0.02277 0.97723 30519   872657  28.27
24      30168   701     0.02325 0.97675 29817   842138  27.91
25      29467   698     0.02369 0.97631 29118   812320  27.57
26      28769   692     0.02406 0.97594 28422   783203  27.22
27      28077   684     0.02436 0.97564 27734   754780  26.88
28      27393   674     0.02460 0.97540 27055   727046  26.54
29      26719   662     0.02479 0.97521 26387   699991  26.20
30      26057   650     0.02495 0.97505 25731   673604  25.85
31      25407   638     0.02509 0.97491 25087   647873  25.50
32      24769   626     0.02525 0.97475 24455   622786  25.14
33      24143   614     0.02544 0.97456 23835   598331  24.78
34      23529   603     0.02564 0.97436 23227   574496  24.42
35      22926   593     0.02588 0.97412 22629   551269  24.05
36      22333   583     0.02612 0.97388 22041   528641  23.67
37      21750   573     0.02636 0.97364 21463   506600  23.29
38      21177   563     0.02659 0.97341 20895   485137  22.91
39      20614   552     0.02680 0.97320 20337   464243  22.52
40      20062   541     0.02698 0.97302 19791   443906  22.13
41      19521   530     0.02713 0.97287 19255   424115  21.73
42      18991   517     0.02725 0.97275 18731   404860  21.32
43      18474   505     0.02734 0.97266 18221   386128  20.90
44      17969   493     0.02742 0.97258 17722   367908  20.47
45      17476   481     0.02751 0.97249 17235   350186  20.04
46      16995   470     0.02764 0.97236 16759   332952  19.59
47      16525   460     0.02783 0.97217 16294   316193  19.13
48      16065   451     0.02809 0.97191 15839   299899  18.67
49      15614   444     0.02845 0.97155 15392   284060  18.19
50      15170   439     0.02891 0.97109 14950   268668  17.71
51      14731   434     0.02949 0.97051 14514   253718  17.22
52      14297   432     0.03020 0.96980 14081   239205  16.73
53      13865   430     0.03104 0.96896 13650   225124  16.24
54      13435   430     0.03201 0.96799 13220   211474  15.74
55      13005   430     0.03310 0.96690 12790   198254  15.24
56      12575   431     0.03431 0.96569 12360   185464  14.75
57      12144   433     0.03562 0.96438 11928   173104  14.25
58      11711   434     0.03706 0.96294 11494   161176  13.76
59      11277   436     0.03864 0.96136 11059   149682  13.27
60      10841   438     0.04039 0.95961 10622   138623  12.79
61      10403   441     0.04238 0.95762 10183   128001  12.30
62      9962    445     0.04465 0.95535 9740    117818  11.83
63      9517    449     0.04723 0.95277 9293    108078  11.36
64      9068    455     0.05014 0.94986 8841    98785   10.89
65      8613    460     0.05337 0.94663 8383    89944   10.44
66      8153    464     0.05685 0.94315 7921    81561   10.00
67      7689    466     0.06056 0.93944 7456    73640   9.58
68      7223    466     0.06447 0.93553 6990    66184   9.16
69      6757    464     0.06862 0.93138 6525    59194   8.76
70      6293    460     0.07307 0.92693 6063    52669   8.37
71      5833    455     0.07798 0.92202 5605    46606   7.99
72      5378    449     0.08348 0.91652 5153    41001   7.62
73      4929    442     0.08966 0.91034 4707    35848   7.27
74      4487    433     0.09655 0.90345 4270    31141   6.94
75      4054    422     0.10410 0.89590 3842    26871   6.63
76      3632    407     0.11210 0.88790 3427    23030   6.34
77      3225    388     0.12033 0.87967 3029    19602   6.08
78      2837    365     0.12855 0.87145 2652    16573   5.84
79      2472    338     0.13654 0.86346 2301    13921   5.63
80      2134    308     0.14411 0.85589 1977    11620   5.45
81      1826    276     0.15116 0.84884 1685    9643    5.28
82      1550    244     0.15759 0.84241 1425    7957    5.13
83      1306    213     0.16334 0.83666 1197    6532    5.00
84      1093    184     0.16840 0.83160 999     5335    4.88
85      909     157     0.17280 0.82720 828     4336    4.77
86      752     133     0.17662 0.82338 684     3508    4.66
87      619     111     0.17993 0.82007 562     2824    4.56
88      508     93      0.18284 0.81716 460     2263    4.45
89      415     77      0.18542 0.81458 375     1802    4.34
90      338     63      0.18778 0.81222 305     1427    4.22
91      275     52      0.19000 0.81000 248     1122    4.08
92      223     43      0.19215 0.80785 201     874     3.92
93      180     35      0.19433 0.80567 162     673     3.74
94      145     29      0.19658 0.80342 130     511     3.52
95      116     23      0.19898 0.80102 104     381     3.28
96      93      19      0.20157 0.79843 83      277     2.98
97      74      15      0.20439 0.79561 66      194     2.62
98      59      12      0.20749 0.79251 53      127     2.16
99      47      10      0.21088 0.78912 42      75      1.59
100     37      8       0.21457 0.78543 33      33      0.89
