# Таблица построена по данным АДХ-РСФСР модулем rtss.data.mortality.synthetic.MortalityTableADH
# Возраст в годах, Числа доживающих до возраста х лет, Числа умирающих при переходе от возраста x к возрасту х+1 лет, Вероятность умереть в течение предстоящего года жизни, Вероятность дожить до возраста х+1 лет, Числа живущих в возрасте х лет, Числа прожитых человеколет, Средняя продолжительность предстоящей жизни
# x, lx, dx, qx, px, Lx, Tx, ex

0       100000  6112    0.06112 0.93888 96944   6458313 64.58
1       93888   1273    0.01356 0.98644 93252   6361369 67.75
2       92615   404     0.00437 0.99563 92413   6268118 67.68
3       92211   197     0.00213 0.99787 92113   6175705 66.97
4       92014   137     0.00149 0.99851 91946   6083592 66.12
5       91877   124     0.00135 0.99865 91815   5991647 65.21
6       91753   126     0.00137 0.99863 91690   5899832 64.30
7       91627   129     0.00141 0.99859 91563   5808142 63.39
8       91498   126     0.00138 0.99862 91434   5716580 62.48
9       91372   114     0.00125 0.99875 91314   5625145 61.56
10      91258   98      0.00108 0.99892 91208   5533831 60.64
11      91160   86      0.00095 0.99905 91116   5442624 59.70
12      91074   80      0.00088 0.99912 91034   5351507 58.76
13      90994   81      0.00089 0.99911 90954   5260474 57.81
14      90913   88      0.00096 0.99904 90870   5169520 56.86
15      90825   101     0.00111 0.99889 90776   5078650 55.92
16      90724   118     0.00130 0.99870 90667   4987874 54.98
17      90606   138     0.00152 0.99848 90539   4897208 54.05
18      90468   155     0.00172 0.99828 90392   4806669 53.13
19      90313   168     0.00186 0.99814 90230   4716277 52.22
20      90145   175     0.00194 0.99806 90058   4626048 51.32
21      89970   180     0.00200 0.99800 89880   4535990 50.42
22      89790   186     0.00207 0.99793 89698   4446109 49.52
23      89604   193     0.00216 0.99784 89508   4356412 48.62
24      89411   204     0.00228 0.99772 89310   4266903 47.72
25      89207   216     0.00242 0.99758 89100   4177593 46.83
26      88991   230     0.00259 0.99741 88877   4088493 45.94
27      88761   243     0.00274 0.99726 88641   3999616 45.06
28      88518   255     0.00288 0.99712 88391   3910976 44.18
29      88263   264     0.00299 0.99701 88131   3822584 43.31
30      87999   256     0.00291 0.99709 87871   3734453 42.44
31      87743   262     0.00298 0.99702 87613   3646582 41.56
32      87481   269     0.00307 0.99693 87347   3558970 40.68
33      87212   277     0.00317 0.99683 87074   3471623 39.81
34      86935   287     0.00330 0.99670 86792   3384548 38.93
35      86648   292     0.00337 0.99663 86503   3297756 38.06
36      86356   305     0.00354 0.99646 86205   3211253 37.19
37      86051   320     0.00372 0.99628 85892   3125049 36.32
38      85731   334     0.00390 0.99610 85565   3039157 35.45
39      85397   349     0.00409 0.99591 85224   2953591 34.59
40      85048   361     0.00425 0.99575 84869   2868368 33.73
41      84687   377     0.00446 0.99554 84500   2783499 32.87
42      84310   395     0.00468 0.99532 84114   2698999 32.01
43      83915   414     0.00493 0.99507 83710   2614885 31.16
44      83501   435     0.00521 0.99479 83285   2531175 30.31
45      83066   458     0.00551 0.99449 82839   2447890 29.47
46      82608   486     0.00589 0.99411 82368   2365051 28.63
47      82122   520     0.00633 0.99367 81865   2282683 27.80
48      81602   559     0.00685 0.99315 81326   2200818 26.97
49      81043   604     0.00745 0.99255 80744   2119492 26.15
50      80439   638     0.00793 0.99207 80124   2038748 25.35
51      79801   689     0.00864 0.99136 79461   1958625 24.54
52      79112   743     0.00939 0.99061 78745   1879164 23.75
53      78369   798     0.01018 0.98982 77975   1800419 22.97
54      77571   853     0.01100 0.98900 77148   1722444 22.20
55      76718   882     0.01149 0.98851 76281   1645296 21.45
56      75836   941     0.01241 0.98759 75371   1569015 20.69
57      74895   1007    0.01344 0.98656 74397   1493645 19.94
58      73888   1080    0.01461 0.98539 73354   1419247 19.21
59      72808   1159    0.01592 0.98408 72236   1345893 18.49
60      71649   1264    0.01765 0.98235 71025   1273657 17.78
61      70385   1353    0.01923 0.98077 69716   1202632 17.09
62      69032   1442    0.02089 0.97911 68318   1132916 16.41
63      67590   1528    0.02261 0.97739 66833   1064598 15.75
64      66062   1613    0.02441 0.97559 65262   997764  15.10
65      64449   1673    0.02595 0.97405 63619   932503  14.47
66      62776   1764    0.02810 0.97190 61902   868884  13.84
67      61012   1865    0.03057 0.96943 60088   806982  13.23
68      59147   1978    0.03344 0.96656 58168   746894  12.63
69      57169   2101    0.03675 0.96325 56128   688726  12.05
70      55068   2215    0.04022 0.95978 53970   632597  11.49
71      52853   2335    0.04417 0.95583 51695   578627  10.95
72      50518   2437    0.04825 0.95175 49307   526932  10.43
73      48081   2518    0.05237 0.94763 46828   477625  9.93
74      45563   2576    0.05653 0.94347 44279   430798  9.45
75      42987   2604    0.06057 0.93943 41688   386519  8.99
76      40383   2644    0.06546 0.93454 39064   344831  8.54
77      37739   2687    0.07119 0.92881 36399   305767  8.10
78      35052   2734    0.07801 0.92199 33689   269367  7.68
79      32318   2781    0.08604 0.91396 30930   235678  7.29
80      29537   2799    0.09478 0.90522 28138   204748  6.93
81      26738   2794    0.10450 0.89550 25338   176610  6.61
82      23944   2737    0.11431 0.88569 22568   151272  6.32
83      21207   2622    0.12364 0.87636 19884   128704  6.07
84      18585   2453    0.13199 0.86801 17342   108819  5.86
85      16132   2215    0.13731 0.86269 15005   91478   5.67
86      13917   1992    0.14317 0.85683 12902   76473   5.49
87      11925   1764    0.14795 0.85205 11024   63570   5.33
88      10161   1542    0.15180 0.84820 9372    52546   5.17
89      8619    1335    0.15489 0.84511 7935    43174   5.01
90      7284    1146    0.15739 0.84261 6696    35239   4.84
91      6138    979     0.15949 0.84051 5635    28543   4.65
92      5159    832     0.16136 0.83864 4732    22907   4.44
93      4327    706     0.16317 0.83683 3964    18176   4.20
94      3621    598     0.16506 0.83494 3314    14211   3.92
95      3023    505     0.16715 0.83285 2763    10898   3.60
96      2518    427     0.16956 0.83044 2298    8134    3.23
97      2091    360     0.17239 0.82761 1906    5836    2.79
98      1731    304     0.17571 0.82429 1575    3930    2.27
99      1427    256     0.17957 0.82043 1295    2355    1.65
100     1171    215     0.18402 0.81598 1060    1060    0.91
