# Таблица построена по данным АДХ-РСФСР модулем rtss.data.mortality.synthetic.MortalityTableADH
# Возраст в годах, Числа доживающих до возраста х лет, Числа умирающих при переходе от возраста x к возрасту х+1 лет, Вероятность умереть в течение предстоящего года жизни, Вероятность дожить до возраста х+1 лет, Числа живущих в возрасте х лет, Числа прожитых человеколет, Средняя продолжительность предстоящей жизни
# x, lx, dx, qx, px, Lx, Tx, ex

0       100000  18980   0.18980 0.81020 90510   4334861 43.35
1       81020   5964    0.07361 0.92639 78038   4244351 52.39
2       75056   2414    0.03217 0.96783 73849   4166313 55.51
3       72642   1191    0.01639 0.98361 72047   4092464 56.34
4       71451   694     0.00972 0.99028 71104   4020417 56.27
5       70757   464     0.00656 0.99344 70510   3949313 55.82
6       70293   344     0.00489 0.99511 70113   3878803 55.18
7       69949   275     0.00394 0.99606 69807   3808690 54.45
8       69674   234     0.00335 0.99665 69554   3738883 53.66
9       69440   207     0.00299 0.99701 69335   3669328 52.84
10      69233   190     0.00275 0.99725 69137   3599994 52.00
11      69043   181     0.00262 0.99738 68952   3530857 51.14
12      68862   177     0.00257 0.99743 68773   3461905 50.27
13      68685   178     0.00259 0.99741 68596   3393132 49.40
14      68507   183     0.00267 0.99733 68416   3324535 48.53
15      68324   191     0.00279 0.99721 68229   3256119 47.66
16      68133   203     0.00298 0.99702 68033   3187890 46.79
17      67930   219     0.00322 0.99678 67822   3119857 45.93
18      67711   238     0.00352 0.99648 67594   3052035 45.07
19      67473   261     0.00386 0.99614 67344   2984442 44.23
20      67212   276     0.00410 0.99590 67076   2917097 43.40
21      66936   297     0.00444 0.99556 66789   2850022 42.58
22      66639   315     0.00473 0.99527 66483   2783233 41.77
23      66324   329     0.00496 0.99504 66160   2716750 40.96
24      65995   338     0.00513 0.99487 65826   2650589 40.16
25      65657   339     0.00516 0.99484 65488   2584763 39.37
26      65318   343     0.00525 0.99475 65147   2519275 38.57
27      64975   348     0.00536 0.99464 64802   2454128 37.77
28      64627   356     0.00551 0.99449 64450   2389327 36.97
29      64271   366     0.00569 0.99431 64089   2324877 36.17
30      63905   377     0.00590 0.99410 63717   2260788 35.38
31      63528   389     0.00613 0.99387 63335   2197071 34.58
32      63139   401     0.00635 0.99365 62939   2133736 33.79
33      62738   411     0.00656 0.99344 62533   2070797 33.01
34      62327   421     0.00676 0.99324 62117   2008264 32.22
35      61906   431     0.00696 0.99304 61691   1946146 31.44
36      61475   443     0.00721 0.99279 61255   1884455 30.65
37      61032   460     0.00754 0.99246 60804   1823200 29.87
38      60572   483     0.00797 0.99203 60333   1762397 29.10
39      60089   512     0.00851 0.99149 59835   1702064 28.33
40      59577   537     0.00901 0.99099 59311   1642229 27.56
41      59040   573     0.00971 0.99029 58757   1582918 26.81
42      58467   611     0.01045 0.98955 58165   1524161 26.07
43      57856   648     0.01120 0.98880 57535   1465996 25.34
44      57208   682     0.01192 0.98808 56869   1408461 24.62
45      56526   695     0.01230 0.98770 56180   1351592 23.91
46      55831   723     0.01295 0.98705 55472   1295412 23.20
47      55108   750     0.01360 0.98640 54735   1239940 22.50
48      54358   776     0.01428 0.98572 53972   1185205 21.80
49      53582   803     0.01499 0.98501 53184   1131233 21.11
50      52779   854     0.01618 0.98382 52355   1078049 20.43
51      51925   885     0.01704 0.98296 51485   1025694 19.75
52      51040   918     0.01798 0.98202 50584   974209  19.09
53      50122   954     0.01903 0.98097 49648   923625  18.43
54      49168   993     0.02020 0.97980 48675   873977  17.78
55      48175   1026    0.02130 0.97870 47665   825302  17.13
56      47149   1073    0.02277 0.97723 46617   777637  16.49
57      46076   1125    0.02442 0.97558 45518   731020  15.87
58      44951   1180    0.02626 0.97374 44366   685502  15.25
59      43771   1238    0.02827 0.97173 43157   641137  14.65
60      42533   1288    0.03029 0.96971 41893   597980  14.06
61      41245   1343    0.03256 0.96744 40578   556087  13.48
62      39902   1393    0.03492 0.96508 39210   515509  12.92
63      38509   1439    0.03736 0.96264 37793   476299  12.37
64      37070   1481    0.03995 0.96005 36333   438506  11.83
65      35589   1511    0.04246 0.95754 34837   402174  11.30
66      34078   1558    0.04572 0.95428 33303   367337  10.78
67      32520   1612    0.04957 0.95043 31719   334034  10.27
68      30908   1673    0.05413 0.94587 30077   302315  9.78
69      29235   1737    0.05943 0.94057 28371   272238  9.31
70      27498   1786    0.06495 0.93505 26609   243867  8.87
71      25712   1831    0.07122 0.92878 24799   217258  8.45
72      23881   1851    0.07749 0.92251 22956   192459  8.06
73      22030   1840    0.08354 0.91646 21108   169503  7.69
74      20190   1802    0.08926 0.91074 19284   148395  7.35
75      18388   1728    0.09400 0.90600 17518   129111  7.02
76      16660   1664    0.09988 0.90012 15823   111592  6.70
77      14996   1597    0.10650 0.89350 14192   95770   6.39
78      13399   1530    0.11416 0.88584 12628   81578   6.09
79      11869   1460    0.12299 0.87701 11132   68950   5.81
80      10409   1367    0.13131 0.86869 9718    57817   5.55
81      9042    1279    0.14146 0.85854 8395    48100   5.32
82      7763    1176    0.15147 0.84853 7166    39705   5.11
83      6587    1059    0.16081 0.83919 6047    32539   4.94
84      5528    934     0.16905 0.83095 5050    26492   4.79
85      4594    801     0.17429 0.82571 4183    21442   4.67
86      3793    683     0.17995 0.82005 3442    17258   4.55
87      3110    574     0.18455 0.81545 2814    13816   4.44
88      2536    477     0.18826 0.81174 2290    11002   4.34
89      2059    394     0.19125 0.80875 1856    8712    4.23
90      1665    323     0.19370 0.80630 1498    6856    4.12
91      1342    263     0.19580 0.80420 1206    5358    3.99
92      1079    213     0.19772 0.80228 969     4152    3.85
93      866     173     0.19962 0.80038 776     3184    3.68
94      693     140     0.20162 0.79838 621     2407    3.47
95      553     113     0.20385 0.79615 494     1787    3.23
96      440     91      0.20642 0.79358 393     1292    2.94
97      349     73      0.20940 0.79060 311     899     2.58
98      276     59      0.21288 0.78712 245     588     2.13
99      217     47      0.21690 0.78310 193     343     1.58
100     170     38      0.22149 0.77851 150     150     0.88
