# Таблица построена по данным АДХ-РСФСР модулем rtss.data.mortality.synthetic.MortalityTableADH
# Возраст в годах, Числа доживающих до возраста х лет, Числа умирающих при переходе от возраста x к возрасту х+1 лет, Вероятность умереть в течение предстоящего года жизни, Вероятность дожить до возраста х+1 лет, Числа живущих в возрасте х лет, Числа прожитых человеколет, Средняя продолжительность предстоящей жизни
# x, lx, dx, qx, px, Lx, Tx, ex

0       100000  9454    0.09454 0.90546 95273   5995847 59.96
1       90546   2196    0.02425 0.97575 89448   5900574 65.17
2       88350   741     0.00839 0.99161 87980   5811126 65.77
3       87609   358     0.00409 0.99591 87430   5723147 65.33
4       87251   235     0.00269 0.99731 87134   5635717 64.59
5       87016   193     0.00222 0.99778 86917   5548583 63.77
6       86823   178     0.00205 0.99795 86733   5461666 62.91
7       86645   170     0.00196 0.99804 86559   5374933 62.03
8       86475   160     0.00185 0.99815 86394   5288374 61.15
9       86315   145     0.00168 0.99832 86241   5201980 60.27
10      86170   130     0.00150 0.99850 86104   5115739 59.37
11      86040   117     0.00136 0.99864 85981   5029635 58.46
12      85923   110     0.00128 0.99872 85868   4943654 57.54
13      85813   109     0.00127 0.99873 85759   4857787 56.61
14      85704   114     0.00133 0.99867 85648   4772028 55.68
15      85590   124     0.00144 0.99856 85529   4686380 54.75
16      85466   138     0.00162 0.99838 85398   4600851 53.83
17      85328   156     0.00183 0.99817 85252   4515453 52.92
18      85172   175     0.00206 0.99794 85086   4430201 52.01
19      84997   195     0.00229 0.99771 84901   4345115 51.12
20      84802   212     0.00250 0.99750 84697   4260214 50.24
21      84590   228     0.00269 0.99731 84477   4175517 49.36
22      84362   241     0.00286 0.99714 84243   4091040 48.49
23      84121   252     0.00299 0.99701 83996   4006797 47.63
24      83869   260     0.00310 0.99690 83739   3922801 46.77
25      83609   258     0.00309 0.99691 83480   3839062 45.92
26      83351   263     0.00315 0.99685 83220   3755582 45.06
27      83088   267     0.00321 0.99679 82955   3672362 44.20
28      82821   271     0.00327 0.99673 82686   3589407 43.34
29      82550   275     0.00334 0.99666 82413   3506721 42.48
30      82275   272     0.00330 0.99670 82139   3424309 41.62
31      82003   278     0.00339 0.99661 81865   3342170 40.76
32      81725   284     0.00348 0.99652 81584   3260305 39.89
33      81441   292     0.00358 0.99642 81296   3178722 39.03
34      81149   300     0.00370 0.99630 81000   3097426 38.17
35      80849   308     0.00381 0.99619 80696   3016426 37.31
36      80541   319     0.00396 0.99604 80382   2935731 36.45
37      80222   331     0.00412 0.99588 80058   2855348 35.59
38      79891   344     0.00431 0.99569 79720   2775291 34.74
39      79547   359     0.00451 0.99549 79369   2695570 33.89
40      79188   374     0.00472 0.99528 79002   2616202 33.04
41      78814   392     0.00498 0.99502 78620   2537199 32.19
42      78422   412     0.00526 0.99474 78218   2458580 31.35
43      78010   434     0.00557 0.99443 77795   2380362 30.51
44      77576   459     0.00591 0.99409 77348   2302567 29.68
45      77117   480     0.00622 0.99378 76879   2225219 28.86
46      76637   510     0.00666 0.99334 76385   2148339 28.03
47      76127   544     0.00715 0.99285 75858   2071955 27.22
48      75583   583     0.00771 0.99229 75295   1996097 26.41
49      75000   625     0.00833 0.99167 74690   1920802 25.61
50      74375   645     0.00867 0.99133 74055   1846112 24.82
51      73730   690     0.00936 0.99064 73389   1772057 24.03
52      73040   736     0.01007 0.98993 72676   1698668 23.26
53      72304   781     0.01081 0.98919 71917   1625992 22.49
54      71523   827     0.01156 0.98844 71114   1554075 21.73
55      70696   892     0.01262 0.98738 70255   1482961 20.98
56      69804   942     0.01350 0.98650 69337   1412706 20.24
57      68862   999     0.01451 0.98549 68368   1343368 19.51
58      67863   1064    0.01568 0.98432 67337   1275001 18.79
59      66799   1137    0.01702 0.98298 66236   1207664 18.08
60      65662   1206    0.01837 0.98163 65065   1141428 17.38
61      64456   1290    0.02002 0.97998 63818   1076362 16.70
62      63166   1377    0.02180 0.97820 62485   1012544 16.03
63      61789   1464    0.02370 0.97630 61064   950059  15.38
64      60325   1552    0.02574 0.97426 59556   888995  14.74
65      58773   1630    0.02774 0.97226 57965   829439  14.11
66      57143   1725    0.03019 0.96981 56289   771474  13.50
67      55418   1826    0.03296 0.96704 54514   715185  12.91
68      53592   1934    0.03608 0.96392 52634   660672  12.33
69      51658   2046    0.03960 0.96040 50644   608037  11.77
70      49612   2145    0.04323 0.95677 48548   557394  11.24
71      47467   2252    0.04745 0.95255 46349   508845  10.72
72      45215   2348    0.05194 0.94806 44048   462496  10.23
73      42867   2429    0.05667 0.94333 41659   418448  9.76
74      40438   2493    0.06165 0.93835 39196   376789  9.32
75      37945   2529    0.06666 0.93334 36683   337593  8.90
76      35416   2560    0.07227 0.92773 34138   300910  8.50
77      32856   2572    0.07828 0.92172 31570   266772  8.12
78      30284   2564    0.08468 0.91532 29000   235202  7.77
79      27720   2535    0.09145 0.90855 26448   206202  7.44
80      25185   2464    0.09784 0.90216 23947   179753  7.14
81      22721   2382    0.10483 0.89517 21522   155807  6.86
82      20339   2271    0.11168 0.88832 19193   134285  6.60
83      18068   2135    0.11817 0.88183 16988   115092  6.37
84      15933   1978    0.12416 0.87584 14929   98103   6.16
85      13955   1783    0.12774 0.87226 13048   83174   5.96
86      12172   1614    0.13257 0.86743 11351   70126   5.76
87      10558   1446    0.13696 0.86304 9821    58775   5.57
88      9112    1285    0.14098 0.85902 8456    48953   5.37
89      7827    1133    0.14469 0.85531 7248    40497   5.17
90      6694    992     0.14819 0.85181 6187    33249   4.97
91      5702    864     0.15154 0.84846 5260    27062   4.75
92      4838    749     0.15482 0.84518 4454    21802   4.51
93      4089    646     0.15811 0.84189 3758    17348   4.24
94      3443    556     0.16146 0.83854 3158    13590   3.95
95      2887    476     0.16493 0.83507 2643    10432   3.61
96      2411    406     0.16858 0.83142 2203    7789    3.23
97      2005    346     0.17244 0.82756 1827    5586    2.79
98      1659    293     0.17656 0.82344 1508    3759    2.27
99      1366    247     0.18095 0.81905 1239    2251    1.65
100     1119    208     0.18565 0.81435 1012    1012    0.90
