# age, male, female, both genders

Всего                   52,424,767      65,109,548      117,534,315
0                       1,362,410       1,311,282       2,673,692
1                       1,352,420       1,298,272       2,650,692
2                       1,333,686       1,284,417       2,618,103
3                       1,363,860       1,312,176       2,676,036
4                       1,390,203       1,344,067       2,734,270
0–4                     6,802,579       6,550,214       13,352,793
5                       1,273,891       1,230,406       2,504,297
6                       1,302,113       1,254,518       2,556,631
7                       1,256,554       1,218,941       2,475,495
8                       1,228,809       1,194,603       2,423,412
9                       1,244,900       1,210,479       2,455,379
5–9                     6,306,267       6,108,947       12,415,214
10                      1,154,747       1,118,768       2,273,515
11                      1,039,003       1,018,693       2,057,696
12                      1,042,610       1,007,798       2,050,408
13                      610,169         591,954         1,202,123
14                      467,720         450,263         917,983
10–14                   4,314,249       4,187,476       8,501,725
15                      416,358         408,334         824,692
16                      615,427         617,282         1,232,709
17                      1,038,895       1,053,930       2,092,825
18                      1,146,906       1,159,040       2,305,946
19                      1,283,852       1,234,863       2,518,715
15–19                   4,501,438       4,473,449       8,974,887
20                      1,380,476       1,381,946       2,762,422
21                      1,332,926       1,292,038       2,624,964
22                      1,172,100       1,187,686       2,359,786
23                      1,039,164       1,024,329       2,063,493
24                      869,198         872,061         1,741,259
20–24                   5,793,864       5,758,060       11,551,924
25                      869,564         880,918         1,750,482
26                      1,020,544       1,051,354       2,071,898
27                      1,009,892       1,010,361       2,020,253
28                      1,227,016       1,240,962       2,467,978
29                      1,124,196       1,156,273       2,280,469
25–29                   5,251,212       5,339,868       10,591,080
30                      1,309,414       1,417,576       2,726,990
31                      1,101,707       1,148,312       2,250,019
32                      1,069,574       1,275,264       2,344,838
33                      836,419         1,121,040       1,957,459
34                      733,738         1,089,868       1,823,606
30–34                   5,050,852       6,052,060       11,102,912
35                      635,392         1,016,546       1,651,938
36                      517,470         863,416         1,380,886
37                      445,323         696,785         1,142,108
38                      466,413         733,179         1,199,592
39                      409,478         639,320         1,048,798
35–39                   2,474,076       3,949,246       6,423,322
40                      549,684         877,070         1,426,754
41                      349,039         525,597         874,636
42                      409,707         669,200         1,078,907
43                      474,365         778,010         1,252,375
44                      572,869         971,193         1,544,062
40–44                   2,355,664       3,821,070       6,176,734
45                      569,825         922,902         1,492,727
46                      572,908         981,872         1,554,780
47                      508,628         824,849         1,333,477
48                      571,386         1,000,974       1,572,360
49                      459,072         754,675         1,213,747
45–49                   2,681,819       4,485,272       7,167,091
50                      497,133         871,680         1,368,813
51                      436,044         734,819         1,170,863
52                      448,958         768,754         1,217,712
53                      395,891         704,376         1,100,267
54                      389,682         717,492         1,107,174
50–54                   2,167,708       3,797,121       5,964,829
55                      366,362         764,147         1,130,509
56                      323,671         703,976         1,027,647
57                      235,732         547,428         783,160
58                      316,876         792,099         1,108,975
59                      238,786         462,508         701,294
55–59                   1,481,427       3,270,158       4,751,585
60                      266,111         609,610         875,721
61                      213,869         417,987         631,856
62                      242,129         499,096         741,225
63                      230,310         472,621         702,931
64                      210,268         427,374         637,642
60–64                   1,162,687       2,426,688       3,589,375
65                      216,659         453,194         669,853
66                      184,946         386,894         571,840
67                      162,629         353,676         516,305
68                      166,901         363,736         530,637
69                      116,159         259,274         375,433
65–69                   847,294         1,816,774       2,664,068
70                      179,061         466,422         645,483
71                      116,724         237,596         354,320
72                      125,125         290,548         415,673
73                      110,491         262,814         373,305
74                      99,942          233,163         333,105
70–74                   631,343         1,490,543       2,121,886
75                      99,334          255,458         354,792
76                      80,080          193,513         273,593
77                      61,484          155,434         216,918
78                      67,961          167,210         235,171
79                      43,344          98,527          141,871
75–79                   352,203         870,142         1,222,345
80                      51,227          165,621         216,848
81                      31,882          67,582          99,464
82                      31,065          79,046          110,111
83                      25,692          68,430          94,122
84                      20,754          55,430          76,184
80–84                   160,620         436,109         596,729
85                      20,655          62,346          83,001
86                      15,310          42,422          57,732
87                      10,371          32,245          42,616
88                      11,789          34,459          46,248
89                      5,648           16,815          22,463
85–89                   63,773          188,287         252,060
90                      7,009           28,208          35,217
91                      2,347           7,505           9,852
92                      2,548           8,071           10,619
93                      2,135           7,011           9,146
94                      1,634           5,807           7,441
90–94                   15,673          56,602          72,275
95                      1,831           6,966           8,797
96                      1,421           5,113           6,534
97                      1,038           3,896           4,934
98                      1,172           4,294           5,466
99                      558             1,774           2,332
95–99                   6,020           22,043          28,063
100+                    1,995           7,524           9,519
возраст не указан       2,004           1,895           3,899

