# # Таблица построена модулем rtss.rosbris1959.ExportMortalityTables по данным в РосБРИС для РСФСР 2018
# Возраст в годах, Числа доживающих до возраста х лет, Числа умирающих при переходе от возраста x к возрасту х+1 лет, Вероятность умереть в течение предстоящего года жизни, Вероятность дожить до возраста х+1 лет, Числа живущих в возрасте х лет, Числа прожитых человеколет, Средняя продолжительность предстоящей жизни
# x, lx, dx, qx, px, Lx, Tx, ex

0       100000  519     0.00519 0.99481 99741   6824963 68.25
1       99481   47      0.00047 0.99953 99458   6725222 67.60
2       99434   29      0.00029 0.99971 99420   6625765 66.63
3       99405   24      0.00024 0.99976 99393   6526345 65.65
4       99381   21      0.00021 0.99979 99371   6426952 64.67
5       99360   20      0.00020 0.99980 99350   6327582 63.68
6       99340   21      0.00021 0.99979 99329   6228232 62.70
7       99319   17      0.00017 0.99983 99311   6128903 61.71
8       99302   22      0.00022 0.99978 99291   6029592 60.72
9       99280   18      0.00018 0.99982 99271   5930301 59.73
10      99262   23      0.00023 0.99977 99251   5831030 58.74
11      99239   25      0.00025 0.99975 99227   5731779 57.76
12      99214   24      0.00024 0.99976 99202   5632553 56.77
13      99190   32      0.00032 0.99968 99175   5533350 55.79
14      99158   38      0.00038 0.99962 99140   5434176 54.80
15      99120   45      0.00046 0.99954 99098   5335036 53.82
16      99075   59      0.00060 0.99940 99046   5235938 52.85
17      99016   60      0.00061 0.99939 98987   5136892 51.88
18      98956   72      0.00073 0.99927 98921   5037905 50.91
19      98884   86      0.00087 0.99913 98842   4938984 49.95
20      98798   106     0.00108 0.99892 98746   4840142 48.99
21      98692   108     0.00109 0.99891 98639   4741396 48.04
22      98584   120     0.00122 0.99878 98525   4642757 47.09
23      98464   136     0.00138 0.99862 98397   4544232 46.15
24      98328   138     0.00140 0.99860 98260   4445835 45.21
25      98190   163     0.00166 0.99834 98110   4347575 44.28
26      98027   172     0.00175 0.99825 97942   4249465 43.35
27      97855   188     0.00192 0.99808 97762   4151523 42.43
28      97667   207     0.00212 0.99788 97566   4053761 41.51
29      97460   247     0.00253 0.99747 97340   3956195 40.59
30      97213   288     0.00297 0.99703 97072   3858855 39.69
31      96925   309     0.00318 0.99682 96772   3761783 38.81
32      96616   319     0.00330 0.99670 96459   3665012 37.93
33      96297   357     0.00371 0.99629 96123   3568553 37.06
34      95940   419     0.00437 0.99563 95736   3472430 36.19
35      95521   487     0.00510 0.99490 95281   3376694 35.35
36      95034   512     0.00539 0.99461 94780   3281413 34.53
37      94522   541     0.00572 0.99428 94253   3186633 33.71
38      93981   552     0.00588 0.99412 93709   3092380 32.90
39      93429   635     0.00680 0.99320 93117   2998671 32.10
40      92794   683     0.00736 0.99264 92455   2905554 31.31
41      92111   689     0.00748 0.99252 91767   2813099 30.54
42      91422   686     0.00751 0.99249 91079   2721332 29.77
43      90736   698     0.00769 0.99231 90390   2630253 28.99
44      90038   750     0.00833 0.99167 89666   2539863 28.21
45      89288   771     0.00864 0.99136 88905   2450197 27.44
46      88517   805     0.00909 0.99091 88116   2361292 26.68
47      87712   799     0.00911 0.99089 87313   2273177 25.92
48      86913   807     0.00928 0.99072 86512   2185864 25.15
49      86106   866     0.01006 0.98994 85679   2099352 24.38
50      85240   960     0.01126 0.98874 84768   2013673 23.62
51      84280   1048    0.01243 0.98757 83760   1928905 22.89
52      83232   1057    0.01270 0.98730 82706   1845145 22.17
53      82175   1113    0.01355 0.98645 81625   1762439 21.45
54      81062   1203    0.01485 0.98515 80469   1680814 20.73
55      79859   1318    0.01651 0.98349 79208   1600345 20.04
56      78541   1404    0.01787 0.98213 77843   1521137 19.37
57      77137   1402    0.01818 0.98182 76439   1443294 18.71
58      75735   1471    0.01942 0.98058 75008   1366855 18.05
59      74264   1613    0.02172 0.97828 73470   1291847 17.40
60      72651   1775    0.02443 0.97557 71773   1218377 16.77
61      70876   1844    0.02602 0.97398 69959   1146604 16.18
62      69032   1897    0.02748 0.97252 68089   1076645 15.60
63      67135   1965    0.02928 0.97072 66158   1008556 15.02
64      65170   2029    0.03113 0.96887 64162   942398  14.46
65      63141   2123    0.03363 0.96637 62086   878236  13.91
66      61018   2192    0.03592 0.96408 59922   816150  13.38
67      58826   2131    0.03623 0.96377 57761   756228  12.86
68      56695   2209    0.03896 0.96104 55606   698466  12.32
69      54486   2496    0.04580 0.95420 53239   642861  11.80
70      51990   2235    0.04300 0.95700 50879   589622  11.34
71      49755   2663    0.05353 0.94647 48423   538742  10.83
72      47092   2224    0.04722 0.95278 45966   490319  10.41
73      44868   2321    0.05174 0.94826 43714   444353  9.90
74      42547   2391    0.05621 0.94379 41346   400639  9.42
75      40156   2179    0.05426 0.94574 39085   359293  8.95
76      37977   2832    0.07457 0.92543 36573   320208  8.43
77      35145   2473    0.07038 0.92962 33896   283635  8.07
78      32672   2530    0.07742 0.92258 31416   249739  7.64
79      30142   2700    0.08959 0.91041 28790   218323  7.24
80      27442   2488    0.09066 0.90934 26188   189532  6.91
81      24954   2469    0.09894 0.90106 23714   163344  6.55
82      22485   2362    0.10503 0.89497 21295   139630  6.21
83      20123   2262    0.11242 0.88758 18980   118335  5.88
84      17861   2062    0.11542 0.88458 16820   99355   5.56
85      15799   2012    0.12736 0.87264 14789   82535   5.22
86      13787   1968    0.14274 0.85726 12794   67746   4.91
87      11819   1785    0.15103 0.84897 10911   54953   4.65
88      10034   1591    0.15851 0.84149 9229    44042   4.39
89      8443    1551    0.18366 0.81634 7657    34813   4.12
90      6892    1334    0.19352 0.80648 6209    27156   3.94
91      5558    1171    0.21062 0.78938 4955    20947   3.77
92      4387    912     0.20780 0.79220 3912    15992   3.65
93      3475    716     0.20614 0.79386 3104    12080   3.48
94      2759    590     0.21372 0.78628 2453    8977    3.25
95      2169    442     0.20376 0.79624 1939    6524    3.01
96      1727    367     0.21239 0.78761 1539    4585    2.66
97      1360    325     0.23878 0.76122 1194    3047    2.24
98      1035    283     0.27300 0.72700 893     1853    1.79
99      752     323     0.43008 0.56992 582     959     1.28
100     429     82      0.19146 0.80854 377     377     0.88
