# age, both genders, male, female

# Таблица построена дезагрегацией данных АДХ при помощи модуля rtss.data.population.synthetic.PopulationADH

0    3,764,472       1,890,251       1,874,221      
1    3,505,496       1,759,705       1,745,791      
2    3,242,588       1,624,975       1,617,613      
3    2,987,692       1,497,721       1,489,971      
4    2,726,735       1,363,355       1,363,380      
5    2,463,133       1,228,158       1,234,975      
6    2,206,799       1,098,341       1,108,458      
7    2,021,343       1,005,640       1,015,703      
8    1,899,217       943,669         955,548        
9    1,846,458       920,134         926,324        
10   1,846,392       920,134         926,258        
11   1,870,417       931,940         938,477        
12   1,920,671       955,401         965,270        
13   1,997,041       990,335         1,006,706      
14   2,098,478       1,036,189       1,062,289      
15   2,247,033       1,103,147       1,143,886      
16   2,326,099       1,136,685       1,189,414      
17   2,353,547       1,145,265       1,208,282      
18   2,326,595       1,127,685       1,198,910      
19   2,247,726       1,085,218       1,162,508      
20   2,101,919       1,010,953       1,090,966      
21   1,989,326       951,887         1,037,439      
22   1,891,368       899,279         992,089        
23   1,809,110       853,598         955,512        
24   1,741,280       814,285         926,995        
25   1,692,150       782,605         909,545        
26   1,633,503       749,278         884,225        
27   1,570,421       715,931         854,490        
28   1,502,539       682,399         820,140        
29   1,430,387       648,787         781,600        
30   1,351,232       614,265         736,967        
31   1,282,296       583,669         698,627        
32   1,220,117       555,966         664,151        
33   1,164,672       531,106         633,566        
34   1,115,684       508,994         606,690        
35   1,072,435       489,155         583,280        
36   1,037,258       473,566         563,692        
37   1,009,443       461,732         547,711        
38   988,858         453,605         535,253        
39   975,006         448,942         526,064        
40   971,191         449,413         521,778        
41   957,807         445,193         512,614        
42   938,363         438,021         500,342        
43   912,619         427,767         484,852        
44   881,021         414,606         466,415        
45   841,296         397,707         443,589        
46   808,016         382,513         425,503        
47   778,439         368,036         410,403        
48   752,699         354,347         398,352        
49   730,551         341,398         389,153        
50   712,961         329,277         383,684        
51   693,751         317,297         376,454        
52   674,005         305,567         368,438        
53   653,622         294,067         359,555        
54   632,662         282,793         349,869        
55   610,712         271,681         339,031        
56   590,248         261,045         329,203        
57   570,797         250,811         319,986        
58   552,375         240,970         311,405        
59   534,868         231,493         303,375        
60   518,989         222,483         296,506        
61   500,436         213,246         287,190        
62   480,030         203,908         276,122        
63   457,767         194,463         263,304        
64   433,778         184,899         248,879        
65   407,748         175,389         232,359        
66   382,158         164,966         217,192        
67   356,567         153,852         202,715        
68   331,017         142,074         188,943        
69   305,510         129,719         175,791        
70   280,034         116,496         163,538        
71   254,718         104,453         150,265        
72   229,501         93,128          136,373        
73   204,361         82,478          121,883        
74   179,387         72,446          106,941        
75   153,547         62,731          90,816         
76   132,782         54,588          78,194         
77   115,385         47,585          67,800         
78   101,022         41,601          59,421         
79   89,264          36,496          52,768         
80   80,247          32,254          47,993         
81   71,178          28,250          42,928         
82   62,494          24,545          37,949         
83   54,097          21,090          33,007         
84   45,984          17,861          28,123         
85   37,808          14,729          23,079         
86   31,328          12,223          19,105         
87   25,952          10,143          15,809         
88   21,522          8,426           13,096         
89   17,875          7,011           10,864         
90   14,878          5,846           9,032          
91   12,424          4,891           7,533          
92   10,422          4,112           6,310          
93   8,798           3,479           5,319          
94   7,494           2,970           4,524          
95   6,461           2,567           3,894          
96   5,660           2,254           3,406          
97   5,063           2,021           3,042          
98   4,647           1,858           2,789          
99   4,394           1,759           2,635          
100  4,273           1,712           2,561          
