# age, male, female, both genders

Всего               68,713,869   78,308,000   147,021,869
0                   1,187,062    1,139,485    2,326,547  
1                   1,252,569    1,203,214    2,455,783  
2                   1,259,066    1,213,738    2,472,804  
3                   1,205,424    1,164,336    2,369,760  
4                   1,224,935    1,181,731    2,406,666  
5                   1,251,936    1,212,361    2,464,297  
6                   1,178,420    1,139,762    2,318,182  
7                   1,120,932    1,089,260    2,210,192  
8                   1,117,962    1,085,241    2,203,203  
9                   1,099,107    1,065,361    2,164,468  
10                  1,094,258    1,064,207    2,158,465  
11                  1,076,103    1,045,760    2,121,863  
12                  1,087,878    1,055,453    2,143,331  
13                  1,064,033    1,034,614    2,098,647  
14                  1,049,831    1,020,102    2,069,933  
15                  1,019,117    991,849      2,010,966  
16                  1,040,471    1,011,334    2,051,805  
17                  1,018,440    982,416      2,000,856  
18                  1,030,317    954,175      1,984,492  
19                  1,010,365    909,127      1,919,492  
20                  938,162      908,005      1,846,167  
21                  937,305      914,393      1,851,698  
22                  994,796      964,389      1,959,185  
23                  1,014,580    977,680      1,992,260  
24                  1,071,140    1,034,170    2,105,310  
25                  1,165,248    1,124,953    2,290,201  
26                  1,232,522    1,194,698    2,427,220  
27                  1,304,504    1,260,844    2,565,348  
28                  1,349,567    1,311,339    2,660,906  
29                  1,321,760    1,291,799    2,613,559  
30                  1,324,418    1,303,749    2,628,167  
31                  1,313,737    1,284,789    2,598,526  
32                  1,271,807    1,254,798    2,526,605  
33                  1,276,740    1,264,146    2,540,886  
34                  1,286,157    1,282,468    2,568,625  
35                  1,179,693    1,179,906    2,359,599  
36                  1,190,167    1,196,838    2,387,005  
37                  1,166,969    1,169,407    2,336,376  
38                  1,118,389    1,130,132    2,248,521  
39                  1,166,096    1,186,504    2,352,600  
40                  996,264      1,014,822    2,011,086  
41                  946,999      972,836      1,919,835  
42                  889,430      918,342      1,807,772  
43                  532,315      553,301      1,085,616  
44                  410,679      427,633      838,312    
45                  378,426      399,981      778,407    
46                  531,319      589,983      1,121,302  
47                  897,387      993,699      1,891,086  
48                  921,873      1,026,639    1,948,512  
49                  1,038,151    1,177,442    2,215,593  
50                  1,072,588    1,230,324    2,302,912  
51                  1,063,113    1,211,022    2,274,135  
52                  892,275      1,031,999    1,924,274  
53                  789,192      914,631      1,703,823  
54                  636,807      751,582      1,388,389  
55                  614,992      745,988      1,360,980  
56                  733,704      918,806      1,652,510  
57                  740,490      915,351      1,655,841  
58                  826,647      1,052,538    1,879,185  
59                  804,057      1,046,586    1,850,643  
60                  836,705      1,139,799    1,976,504  
61                  764,668      1,051,588    1,816,256  
62                  666,651      1,043,429    1,710,080  
63                  523,738      965,534      1,489,272  
64                  447,893      920,056      1,367,949  
65                  369,296      834,673      1,203,969  
66                  291,325      694,511      985,836    
67                  259,832      581,390      841,222    
68                  229,741      526,500      756,241    
69                  217,531      505,413      722,944    
70                  255,921      619,452      875,373    
71                  163,782      399,472      563,254    
72                  170,084      448,178      618,262    
73                  197,156      531,638      728,794    
74                  224,305      642,947      867,252    
75                  200,024      560,736      760,760    
76                  192,577      588,768      781,345    
77                  161,834      477,023      638,857    
78                  146,993      498,448      645,441    
79                  118,088      388,669      506,757    
80                  101,089      363,539      464,628    
81                  86,924       316,774      403,698    
82                  72,310       279,044      351,354    
83                  57,432       242,190      299,622    
84                  46,402       203,858      250,260    
85                  37,103       172,011      209,114    
86                  28,500       145,188      173,688    
87                  18,883       97,737       116,620    
88                  17,774       104,036      121,810    
89                  10,254       49,912       60,166     
90                  8,371        46,841       55,212     
91                  5,765        31,139       36,904     
92                  4,632        25,459       30,091     
93                  3,492        19,069       22,561     
94                  2,413        13,077       15,490     
95                  1,691        9,982        11,673     
96                  1,326        8,193        9,519      
97                  885          5,080        5,965      
98                  813          6,114        6,927      
99                  493          3,884        4,377      
100+                1,236        8,999        10,235     
возраст не указан   39,246       45,612       84,858     