# age, male, female, both genders

Всего               50,332,668   57,626,334   107,959,002
0                   837,572      802,682      1,640,254  
1                   883,051      845,380      1,728,431  
2                   888,103      855,703      1,743,806  
3                   854,280      822,628      1,676,908  
4                   870,434      838,001      1,708,435  
5                   893,904      863,021      1,756,925  
6                   838,917      809,647      1,648,564  
7                   801,484      776,293      1,577,777  
8                   800,957      776,718      1,577,675  
9                   785,913      761,184      1,547,097  
10                  787,112      764,125      1,551,237  
11                  773,804      752,079      1,525,883  
12                  781,616      757,225      1,538,841  
13                  762,068      741,883      1,503,951  
14                  750,163      729,556      1,479,719  
15                  747,379      739,679      1,487,058  
16                  767,526      768,832      1,536,358  
17                  780,911      808,477      1,589,388  
18                  813,449      793,825      1,607,274  
19                  789,863      730,706      1,520,569  
20                  700,131      710,347      1,410,478  
21                  707,614      705,964      1,413,578  
22                  749,211      732,569      1,481,780  
23                  758,931      739,254      1,498,185  
24                  798,618      781,943      1,580,561  
25                  863,441      851,636      1,715,077  
26                  912,746      909,658      1,822,404  
27                  964,007      961,841      1,925,848  
28                  994,230      1,001,127    1,995,357  
29                  974,102      990,259      1,964,361  
30                  983,167      1,005,913    1,989,080  
31                  975,682      992,798      1,968,480  
32                  950,079      973,639      1,923,718  
33                  960,993      988,792      1,949,785  
34                  973,680      1,007,374    1,981,054  
35                  898,849      932,909      1,831,758  
36                  910,980      949,185      1,860,165  
37                  897,431      933,239      1,830,670  
38                  865,622      904,065      1,769,687  
39                  903,198      953,154      1,856,352  
40                  780,306      821,100      1,601,406  
41                  751,638      791,776      1,543,414  
42                  707,047      746,565      1,453,612  
43                  431,046      454,606      885,652    
44                  327,345      344,405      671,750    
45                  290,285      309,025      599,310    
46                  397,258      444,855      842,113    
47                  671,623      752,414      1,424,037  
48                  683,186      766,450      1,449,636  
49                  764,912      879,139      1,644,051  
50                  787,567      917,528      1,705,095  
51                  787,478      913,909      1,701,387  
52                  629,608      746,340      1,375,948  
53                  552,092      655,928      1,208,020  
54                  442,243      537,259      979,502    
55                  420,988      525,924      946,912    
56                  497,389      640,833      1,138,222  
57                  502,006      640,411      1,142,417  
58                  548,631      720,015      1,268,646  
59                  542,498      721,154      1,263,652  
60                  569,671      780,559      1,350,230  
61                  541,284      726,673      1,267,957  
62                  479,243      721,290      1,200,533  
63                  370,691      671,821      1,042,512  
64                  306,772      635,282      942,054    
65                  254,803      580,857      835,660    
66                  202,726      480,996      683,722    
67                  183,455      407,626      591,081    
68                  161,158      360,409      521,567    
69                  153,475      346,535      500,010    
70                  178,770      416,439      595,209    
71                  116,288      272,776      389,064    
72                  120,612      303,023      423,635    
73                  138,946      355,293      494,239    
74                  157,462      422,439      579,901    
75                  139,554      372,122      511,676    
76                  132,788      383,348      516,136    
77                  110,578      311,379      421,957    
78                  98,929       316,122      415,051    
79                  79,206       252,996      332,202    
80                  67,791       236,873      304,664    
81                  58,480       205,507      263,987    
82                  48,097       180,904      229,001    
83                  38,408       155,174      193,582    
84                  31,120       131,773      162,893    
85                  24,857       110,131      134,988    
86                  18,905       91,971       110,876    
87                  12,592       63,180       75,772     
88                  11,235       63,221       74,456     
89                  6,842        33,320       40,162     
90                  5,456        29,469       34,925     
91                  3,792        19,774       23,566     
92                  2,842        15,633       18,475     
93                  2,119        11,388       13,507     
94                  1,472        7,607        9,079      
95                  961          5,764        6,725      
96                  748          4,540        5,288      
97                  501          2,879        3,380      
98                  378          3,076        3,454      
99                  248          2,064        2,312      
100+                482          3,804        4,286      
возраст не указан   32,567       37,351       69,918     