# age, male, female, both genders

Total                  76,298,739      87,287,205      163,585,944
0                      1,335,403       1,281,589       2,616,992
1                      1,352,384       1,302,753       2,655,137
2                      1,361,598       1,308,943       2,670,541
3                      1,348,891       1,302,764       2,651,655
4                      1,334,078       1,284,561       2,618,639
0-4                    6,732,354       6,480,610       13,212,964
5                      1,286,012       1,238,221       2,524,233
6                      1,315,403       1,264,798       2,580,201
7                      1,257,086       1,206,797       2,463,883
8                      1,226,917       1,182,844       2,409,761
9                      1,135,834       1,095,855       2,231,689
5-9                    6,221,252       5,988,515       12,209,767
10                     1,129,251       1,089,383       2,218,634
11                     1,073,518       1,034,122       2,107,640
12                     1,117,315       1,077,713       2,195,028
13                     1,100,359       1,062,555       2,162,914
14                     1,160,325       1,119,004       2,279,329
10-14                  5,580,768       5,382,777       10,963,545
15                     1,325,132       1,276,425       2,601,557
16                     1,448,993       1,412,365       2,861,358
17                     1,606,482       1,653,590       3,260,072
18                     1,737,923       1,803,331       3,541,254
19                     1,746,616       1,722,101       3,468,717
15-19                  7,865,146       7,867,812       15,732,958
20                     1,710,461       1,754,413       3,464,874
21                     1,644,587       1,667,020       3,311,607
22                     1,605,008       1,624,609       3,229,617
23                     1,615,463       1,625,257       3,240,720
24                     1,624,094       1,632,042       3,256,136
20-24 . ,              8,199,613       8,303,341       16,502,954
25                     1,500,122       1,519,611       3,019,733
26                     1,524,605       1,550,628       3,075,233
27                     1,509,269       1,524,715       3,033,984
28                     1,481,688       1,503,327       2,985,015
29                     1,515,881       1,552,014       3,067,895
25-29                  7,531,565       7,650,295       15,181,860
30                     1,375,361       1,408,679       2,784,040
31                     1,268,834       1,287,082       2,555,916
32                     1,209,040       1,222,976       2,432,016
33                     759,863         771,440         1,531,303
34                     658,939         671,879         1,330,818
30-34                  5,272,037       5,362,056       10,634,093
35                     592,717         605,000         1,197,717
36                     775,288         821,234         1,596,522
37                     1,195,996       1,259,415       2,455,411
38                     1,244,234       1,304,093       2,548,327
39                     1,372,932       1,474,689       2,847,621
35-39                  5,181,167       5,464,431       10,645,598
40                     1,479,294       1,596,956       3,076,250
41                     1,449,026       1,545,458       2,994,484
42                     1,218,797       1,316,801       2,535,598
43                     1,051,737       1,118,773       2,170,510
44                     860,489         920,184         1,780,673
40-44                  6,059,343       6,498,172       12,557,515
45                     821,880         892,336         1,714,216
46                     942,377         1,052,786       1,995,163
47                     939,920         1,019,927       1,959,847
48                     1,078,945       1,196,936       2,275,881
49                     1,059,669       1,190,298       2,249,967
45-49                  4,842,791       5,352,283       10,195,074
50                     1,161,072       1,346,830       2,507,902
51                     1,079,484       1,210,056       2,289,540
52                     967,581         1,215,411       2,182,992
53                     778,953         1,135,163       1,914,116
54                     673,183         1,100,266       1,773,449
50-54                  4,660,273       6,007,726       10,667,999
55                     570,281         1,045,358       1,615,639
56                     477,460         896,336         1,373,796
57                     422,076         741,693         1,163,769
58                     385,105         672,322         1,057,427
59                     367,846         636,889         1,004,735
55-59                  2,222,768       3,992,598       6,215,366
60                     443,656         785,515         1,229,171
61                     298,444         517,509         815,953
62                     319,774         581,994         901,768
63                     371,068         682,711         1,053,779
64                     442,846         843,795         1,286,641
60-64                  1,875,788       3,411,524       5,287,312
65                     416,916         775,751         1,192,667
66                     413,452         819,382         1,232,834
67                     371,426         704,382         1,075,808
68                     350,707         742,372         1,093,079
69                     300,744         618,898         919,642
65-69                  1,853,245       3,660,785       5,514,030
70                     286,663         647,076         933,739
71                     257,048         561,298         818,346
72                     236,291         547,234         783,525
73                     206,363         514,279         720,642
74                     183,171         464,231         647,402
70-74                  1,169,536       2,734,118       3,903,654
75                     163,382         441,802         605,184
76                     137,880         400,025         537,905
77                     103,210         307,957         411,167
78                     112,569         389,666         502,235
79                     77,730          221,478         299,208
75-79                  594,771         1,760,928       2,355,699
80                     75,600          246,003         321,603
81                     56,778          169,954         226,732
82                     52,462          167,094         219,556
83                     45,409          142,895         188,304
84                     36,974          112,910         149,884
80-84                  267,223         838,856         1,106,079
85                     31,305          98,158          129,463
86                     25,813          82,548          108,361
87                     18,509          58,088          76,597
88                     16,121          59,339          75,460
89                     10,842          41,102          51,944
85-89                  102,590         339,235         441,825
90                     12,332          49,441          61,773
91                     11,693          31,661          43,354
92                     5,216           20,767          25,983
93                     4,001           15,794          19,795
94                     2,858           11,740          14,598
90-94                  36,100          129,403         165,503
95                     2,205           9,386           11,591
96                     1,865           7,633           9,498
97                     1,089           4,387           5,476
98                     1,175           4,646           5,821
99                     598             2,483           3,081
95-99                  6,932           28,535          35,467
100 лет и старше       774             3,969           4,743
возраст не указан      22,703          29,236          51,939
