# # Таблица построена модулем rtss.rosbris1959.ExportMortalityTables по данным в РосБРИС для РСФСР 2004
# Возраст в годах, Числа доживающих до возраста х лет, Числа умирающих при переходе от возраста x к возрасту х+1 лет, Вероятность умереть в течение предстоящего года жизни, Вероятность дожить до возраста х+1 лет, Числа живущих в возрасте х лет, Числа прожитых человеколет, Средняя продолжительность предстоящей жизни
# x, lx, dx, qx, px, Lx, Tx, ex

0       100000  1173    0.01173 0.98827 99414   6531017 65.31
1       98827   116     0.00117 0.99883 98769   6431603 65.08
2       98711   71      0.00072 0.99928 98676   6332834 64.16
3       98640   55      0.00056 0.99944 98613   6234159 63.20
4       98585   52      0.00053 0.99947 98559   6135546 62.24
5       98533   46      0.00047 0.99953 98510   6036987 61.27
6       98487   42      0.00042 0.99958 98466   5938478 60.30
7       98445   38      0.00039 0.99961 98426   5840012 59.32
8       98407   38      0.00039 0.99961 98388   5741586 58.35
9       98369   39      0.00040 0.99960 98349   5643198 57.37
10      98330   37      0.00038 0.99962 98311   5544849 56.39
11      98293   36      0.00037 0.99963 98275   5446537 55.41
12      98257   39      0.00039 0.99961 98238   5348262 54.43
13      98218   44      0.00045 0.99955 98197   5250024 53.45
14      98174   57      0.00058 0.99942 98147   5151827 52.48
15      98117   72      0.00073 0.99927 98082   5053681 51.51
16      98045   92      0.00094 0.99906 98001   4955598 50.54
17      97953   120     0.00123 0.99877 97895   4857597 49.59
18      97833   141     0.00144 0.99856 97764   4759702 48.65
19      97692   153     0.00157 0.99843 97617   4661938 47.72
20      97539   188     0.00193 0.99807 97448   4564321 46.79
21      97351   218     0.00224 0.99776 97244   4466873 45.88
22      97133   242     0.00249 0.99751 97014   4369629 44.99
23      96891   272     0.00281 0.99719 96757   4272615 44.10
24      96619   295     0.00305 0.99695 96474   4175858 43.22
25      96324   332     0.00345 0.99655 96160   4079384 42.35
26      95992   347     0.00362 0.99638 95820   3983223 41.50
27      95645   364     0.00380 0.99620 95464   3887404 40.64
28      95281   382     0.00401 0.99599 95092   3791939 39.80
29      94899   402     0.00424 0.99576 94701   3696848 38.96
30      94497   451     0.00477 0.99523 94273   3602147 38.12
31      94046   434     0.00462 0.99538 93829   3507874 37.30
32      93612   457     0.00489 0.99511 93385   3414045 36.47
33      93155   461     0.00495 0.99505 92926   3320660 35.65
34      92694   498     0.00537 0.99463 92449   3227734 34.82
35      92196   550     0.00596 0.99404 91923   3135285 34.01
36      91646   545     0.00595 0.99405 91374   3043362 33.21
37      91101   572     0.00628 0.99372 90817   2951988 32.40
38      90529   604     0.00667 0.99333 90230   2861170 31.61
39      89925   644     0.00716 0.99284 89609   2770940 30.81
40      89281   756     0.00847 0.99153 88906   2681331 30.03
41      88525   716     0.00809 0.99191 88167   2592425 29.28
42      87809   753     0.00858 0.99142 87435   2504258 28.52
43      87056   785     0.00902 0.99098 86668   2416823 27.76
44      86271   859     0.00996 0.99004 85848   2330155 27.01
45      85412   937     0.01097 0.98903 84948   2244307 26.28
46      84475   959     0.01135 0.98865 83997   2159359 25.56
47      83516   982     0.01175 0.98825 83028   2075362 24.85
48      82534   1033    0.01252 0.98748 82023   1992334 24.14
49      81501   1117    0.01370 0.98630 80953   1910311 23.44
50      80384   1282    0.01595 0.98405 79747   1829358 22.76
51      79102   1209    0.01528 0.98472 78497   1749611 22.12
52      77893   1278    0.01641 0.98359 77257   1671114 21.45
53      76615   1284    0.01676 0.98324 75976   1593856 20.80
54      75331   1361    0.01807 0.98193 74662   1517880 20.15
55      73970   1566    0.02116 0.97884 73187   1443218 19.51
56      72404   1367    0.01889 0.98111 71724   1370030 18.92
57      71037   1647    0.02318 0.97682 70218   1298307 18.28
58      69390   1467    0.02115 0.97885 68655   1228089 17.70
59      67923   1603    0.02359 0.97641 67136   1159434 17.07
60      66320   1826    0.02754 0.97246 65405   1092298 16.47
61      64494   1554    0.02409 0.97591 63719   1026893 15.92
62      62940   1877    0.02981 0.97019 62009   963174  15.30
63      61063   1724    0.02824 0.97176 60198   901165  14.76
64      59339   1815    0.03059 0.96941 58440   840967  14.17
65      57524   1936    0.03366 0.96634 56557   782526  13.60
66      55588   1831    0.03293 0.96707 54674   725970  13.06
67      53757   1974    0.03672 0.96328 52779   671296  12.49
68      51783   2053    0.03965 0.96035 50762   618516  11.94
69      49730   2116    0.04256 0.95744 48674   567754  11.42
70      47614   2095    0.04399 0.95601 46569   519080  10.90
71      45519   2187    0.04804 0.95196 44434   472511  10.38
72      43332   2294    0.05295 0.94705 42189   428077  9.88
73      41038   2280    0.05555 0.94445 39900   385888  9.40
74      38758   2351    0.06065 0.93935 37587   345988  8.93
75      36407   2394    0.06576 0.93424 35214   308400  8.47
76      34013   2443    0.07182 0.92818 32792   273187  8.03
77      31570   2396    0.07589 0.92411 30369   240395  7.61
78      29174   2373    0.08133 0.91867 27985   210026  7.20
79      26801   2341    0.08734 0.91266 25632   182041  6.79
80      24460   2402    0.09819 0.90181 23253   156409  6.39
81      22058   2186    0.09909 0.90091 20958   133157  6.04
82      19872   2240    0.11272 0.88728 18751   112198  5.65
83      17632   2151    0.12202 0.87798 16551   93448   5.30
84      15481   2106    0.13602 0.86398 14422   76897   4.97
85      13375   1998    0.14935 0.85065 12361   62475   4.67
86      11377   1741    0.15299 0.84701 10491   50114   4.40
87      9636    1628    0.16897 0.83103 8810    39623   4.11
88      8008    1460    0.18235 0.81765 7264    30813   3.85
89      6548    1286    0.19645 0.80355 5889    23549   3.60
90      5262    1065    0.20244 0.79756 4712    17661   3.36
91      4197    856     0.20386 0.79614 3758    12949   3.09
92      3341    810     0.24241 0.75759 2926    9191    2.75
93      2531    617     0.24384 0.75616 2216    6265    2.48
94      1914    660     0.34491 0.65509 1578    4048    2.12
95      1254    474     0.37792 0.62208 1002    2470    1.97
96      780     299     0.38313 0.61687 619     1468    1.88
97      481     193     0.40145 0.59855 376     850     1.77
98      288     106     0.36794 0.63206 230     473     1.64
99      182     67      0.36917 0.63083 145     243     1.34
100     115     30      0.25913 0.74087 98      98      0.85
