# # Таблица построена модулем rtss.rosbris1959.ExportMortalityTables по данным в РосБРИС для РСФСР 2004
# Возраст в годах, Числа доживающих до возраста х лет, Числа умирающих при переходе от возраста x к возрасту х+1 лет, Вероятность умереть в течение предстоящего года жизни, Вероятность дожить до возраста х+1 лет, Числа живущих в возрасте х лет, Числа прожитых человеколет, Средняя продолжительность предстоящей жизни
# x, lx, dx, qx, px, Lx, Tx, ex

0       100000  1006    0.01006 0.98994 99497   7235769 72.36
1       98994   109     0.00110 0.99890 98940   7136272 72.09
2       98885   60      0.00061 0.99939 98855   7037333 71.17
3       98825   47      0.00048 0.99952 98802   6938478 70.21
4       98778   46      0.00047 0.99953 98755   6839676 69.24
5       98732   39      0.00039 0.99961 98712   6740921 68.27
6       98693   33      0.00033 0.99967 98676   6642209 67.30
7       98660   29      0.00029 0.99971 98645   6543533 66.32
8       98631   28      0.00028 0.99972 98617   6444888 65.34
9       98603   29      0.00030 0.99970 98588   6346271 64.36
10      98574   25      0.00025 0.99975 98561   6247682 63.38
11      98549   28      0.00029 0.99971 98535   6149121 62.40
12      98521   29      0.00029 0.99971 98507   6050586 61.41
13      98492   29      0.00030 0.99970 98478   5952079 60.43
14      98463   41      0.00042 0.99958 98443   5853601 59.45
15      98422   47      0.00048 0.99952 98399   5755158 58.47
16      98375   59      0.00060 0.99940 98346   5656759 57.50
17      98316   68      0.00069 0.99931 98283   5558412 56.54
18      98248   77      0.00079 0.99921 98210   5460130 55.57
19      98171   79      0.00081 0.99919 98132   5361920 54.62
20      98092   86      0.00087 0.99913 98049   5263788 53.66
21      98006   88      0.00090 0.99910 97962   5165738 52.71
22      97918   96      0.00098 0.99902 97871   5067776 51.76
23      97822   108     0.00111 0.99889 97769   4969905 50.81
24      97714   117     0.00120 0.99880 97657   4872136 49.86
25      97597   141     0.00144 0.99856 97527   4774479 48.92
26      97456   138     0.00142 0.99858 97387   4676952 47.99
27      97318   152     0.00156 0.99844 97243   4579565 47.06
28      97166   158     0.00162 0.99838 97088   4482322 46.13
29      97008   169     0.00175 0.99825 96925   4385234 45.20
30      96839   187     0.00193 0.99807 96747   4288309 44.28
31      96652   193     0.00200 0.99800 96556   4191563 43.37
32      96459   201     0.00209 0.99791 96359   4095007 42.45
33      96258   211     0.00219 0.99781 96154   3998648 41.54
34      96047   231     0.00241 0.99759 95933   3902494 40.63
35      95816   253     0.00264 0.99736 95690   3806561 39.73
36      95563   248     0.00260 0.99740 95439   3710870 38.83
37      95315   263     0.00276 0.99724 95185   3615431 37.93
38      95052   282     0.00296 0.99704 94913   3520246 37.03
39      94770   299     0.00315 0.99685 94623   3425333 36.14
40      94471   335     0.00355 0.99645 94305   3330711 35.26
41      94136   337     0.00358 0.99642 93968   3236406 34.38
42      93799   350     0.00373 0.99627 93626   3142438 33.50
43      93449   381     0.00407 0.99593 93261   3048812 32.63
44      93068   421     0.00452 0.99548 92861   2955550 31.76
45      92647   456     0.00493 0.99507 92421   2862690 30.90
46      92191   478     0.00519 0.99481 91954   2770268 30.05
47      91713   492     0.00536 0.99464 91469   2678315 29.20
48      91221   532     0.00583 0.99417 90959   2586846 28.36
49      90689   584     0.00644 0.99356 90403   2495887 27.52
50      90105   672     0.00745 0.99255 89772   2405484 26.70
51      89433   662     0.00740 0.99260 89104   2315712 25.89
52      88771   722     0.00813 0.99187 88414   2226608 25.08
53      88049   758     0.00860 0.99140 87674   2138194 24.28
54      87291   810     0.00928 0.99072 86895   2050520 23.49
55      86481   978     0.01130 0.98870 85995   1963625 22.71
56      85503   884     0.01034 0.98966 85065   1877630 21.96
57      84619   1082    0.01278 0.98722 84082   1792564 21.18
58      83537   973     0.01164 0.98836 83052   1708483 20.45
59      82564   1112    0.01347 0.98653 82018   1625431 19.69
60      81452   1210    0.01485 0.98515 80846   1543413 18.95
61      80242   1091    0.01360 0.98640 79703   1462567 18.23
62      79151   1360    0.01718 0.98282 78479   1382864 17.47
63      77791   1282    0.01648 0.98352 77152   1304385 16.77
64      76509   1398    0.01827 0.98173 75821   1227234 16.04
65      75111   1554    0.02069 0.97931 74339   1151412 15.33
66      73557   1524    0.02073 0.97927 72801   1077073 14.64
67      72033   1707    0.02370 0.97630 71194   1004272 13.94
68      70326   1871    0.02660 0.97340 69403   933078  13.27
69      68455   2016    0.02945 0.97055 67455   863674  12.62
70      66439   2070    0.03115 0.96885 65415   796219  11.98
71      64369   2268    0.03523 0.96477 63251   730804  11.35
72      62101   2444    0.03936 0.96064 60889   667554  10.75
73      59657   2499    0.04189 0.95811 58418   606665  10.17
74      57158   2690    0.04706 0.95294 55827   548247  9.59
75      54468   2827    0.05191 0.94809 53068   492421  9.04
76      51641   3021    0.05850 0.94150 50143   439353  8.51
77      48620   3124    0.06426 0.93574 47068   389210  8.01
78      45496   3251    0.07145 0.92855 43879   342142  7.52
79      42245   3327    0.07875 0.92125 40593   298263  7.06
80      38918   3520    0.09045 0.90955 37156   257670  6.62
81      35398   3278    0.09261 0.90739 33754   220514  6.23
82      32120   3408    0.10611 0.89389 30417   186760  5.81
83      28712   3309    0.11525 0.88475 27053   156343  5.45
84      25403   3311    0.13033 0.86967 23742   129289  5.09
85      22092   3170    0.14351 0.85649 20485   105548  4.78
86      18922   2793    0.14762 0.85238 17503   85062   4.50
87      16129   2638    0.16358 0.83642 14793   67559   4.19
88      13491   2392    0.17727 0.82273 12274   52766   3.91
89      11099   2138    0.19267 0.80733 10004   40491   3.65
90      8961    1773    0.19781 0.80219 8045    30487   3.40
91      7188    1420    0.19762 0.80238 6461    22443   3.12
92      5768    1362    0.23609 0.76391 5071    15982   2.77
93      4406    1044    0.23703 0.76297 3876    10910   2.48
94      3362    1174    0.34923 0.65077 2766    7034    2.09
95      2188    828     0.37827 0.62173 1747    4268    1.95
96      1360    528     0.38795 0.61205 1076    2521    1.85
97      832     339     0.40728 0.59272 648     1446    1.74
98      493     185     0.37618 0.62382 391     797     1.62
99      308     117     0.37865 0.62135 244     406     1.32
100     191     51      0.26513 0.73487 162     162     0.85
