# age, both genders, male, female

# Таблица построена дезагрегацией данных АДХ при помощи модуля rtss.data.population.synthetic.PopulationADH

0    2,506,170       1,281,593       1,224,577      
1    2,304,386       1,175,799       1,128,587      
2    2,102,601       1,070,004       1,032,597      
3    1,900,817       964,210         936,607        
4    1,699,033       858,416         840,617        
5    1,497,248       752,621         744,627        
6    1,379,439       690,636         688,803        
7    1,378,168       689,167         689,001        
8    1,498,958       751,033         747,925        
9    1,744,187       877,543         866,644        
10   2,212,957       1,120,977       1,091,980      
11   2,499,890       1,268,742       1,231,148      
12   2,655,012       1,346,823       1,308,189      
13   2,662,522       1,346,943       1,315,579      
14   2,528,620       1,272,516       1,256,104      
15   2,201,315       1,097,051       1,104,264      
16   2,039,504       1,007,152       1,032,352      
17   1,970,263       964,403         1,005,860      
18   1,997,242       970,330         1,026,912      
19   2,115,676       1,022,064       1,093,612      
20   2,386,257       1,150,985       1,235,272      
21   2,505,194       1,197,481       1,307,713      
22   2,518,229       1,185,912       1,332,317      
23   2,419,473       1,113,945       1,305,528      
24   2,217,846       987,677         1,230,169      
25   1,884,722       791,467         1,093,255      
26   1,653,752       662,375         991,377        
27   1,472,934       567,477         905,457        
28   1,339,947       504,203         835,744        
29   1,249,644       468,478         781,166        
30   1,200,592       462,438         738,154        
31   1,182,773       461,869         720,904        
32   1,197,128       470,961         726,167        
33   1,243,959       489,492         754,467        
34   1,322,546       517,239         805,307        
35   1,454,278       560,733         893,545        
36   1,532,328       586,524         945,804        
37   1,572,651       599,682         972,969        
38   1,572,248       599,303         972,945        
39   1,532,496       585,758         946,738        
40   1,442,315       556,182         886,133        
41   1,373,654       529,471         844,183        
42   1,313,384       502,336         811,048        
43   1,262,463       475,121         787,342        
44   1,220,182       447,889         772,293        
45   1,189,915       419,907         770,008        
46   1,151,229       395,429         755,800        
47   1,107,644       373,517         734,127        
48   1,058,852       354,105         704,747        
49   1,005,360       337,042         668,318        
50   944,492         322,392         622,100        
51   893,566         309,025         584,541        
52   849,074         297,067         552,007        
53   810,992         286,446         524,546        
54   778,876         277,070         501,806        
55   753,729         269,356         484,373        
56   728,124         260,618         467,506        
57   703,328         251,348         451,980        
58   679,186         241,516         437,670        
59   655,634         231,163         424,471        
60   633,208         220,161         413,047        
61   608,735         209,398         399,337        
62   582,826         198,715         384,111        
63   555,477         188,123         367,354        
64   526,755         177,603         349,152        
65   496,724         167,289         329,435        
66   465,466         156,364         309,102        
67   433,054         145,006         288,048        
68   399,564         133,230         266,334        
69   365,192         121,111         244,081        
70   328,921         108,285         220,636        
71   297,226         97,104          200,122        
72   268,569         87,002          181,567        
73   242,773         77,907          164,866        
74   219,512         69,702          149,810        
75   198,971         62,405          136,566        
76   178,412         55,267          123,145        
77   158,262         48,383          109,879        
78   138,423         41,707          96,716         
79   118,933         35,239          83,694         
80   99,023          28,692          70,331         
81   82,862          23,530          59,332         
82   69,119          19,252          49,867         
83   57,460          15,722          41,738         
84   47,537          12,804          34,733         
85   38,958          10,371          28,587         
86   32,010          8,413           23,597         
87   26,310          6,826           19,484         
88   21,646          5,543           16,103         
89   17,835          4,507           13,328         
90   14,726          3,671           11,055         
91   12,196          2,999           9,197          
92   10,144          2,460           7,684          
93   8,492           2,031           6,461          
94   7,171           1,692           5,479          
95   6,130           1,427           4,703          
96   5,327           1,224           4,103          
97   4,730           1,075           3,655          
98   4,316           972             3,344          
99   4,065           910             3,155          
100  3,945           880             3,065          
