# age, both genders, male, female

# Таблица построена дезагрегацией данных АДХ при помощи модуля rtss.data.population.synthetic.PopulationADH

0    2,287,961       1,162,577       1,125,384      
1    2,342,986       1,185,789       1,157,197      
2    2,398,013       1,209,002       1,189,011      
3    2,453,038       1,232,214       1,220,824      
4    2,508,064       1,255,426       1,252,638      
5    2,563,090       1,278,638       1,284,452      
6    2,623,134       1,304,552       1,318,582      
7    2,669,413       1,325,252       1,344,161      
8    2,700,922       1,340,363       1,360,559      
9    2,716,441       1,349,195       1,367,246      
10   2,726,340       1,357,892       1,368,448      
11   2,670,518       1,330,902       1,339,616      
12   2,560,561       1,274,988       1,285,573      
13   2,397,468       1,190,651       1,206,817      
14   2,188,115       1,081,568       1,106,547      
15   1,903,727       933,107         970,620        
16   1,741,012       846,845         894,167        
17   1,655,834       799,688         856,146        
18   1,648,161       791,397         856,764        
19   1,714,265       819,962         894,303        
20   1,887,641       901,287         986,354        
21   2,001,056       955,618         1,045,438      
22   2,081,000       995,715         1,085,285      
23   2,123,018       1,019,489       1,103,529      
24   2,127,285       1,026,891       1,100,394      
25   2,086,467       1,015,312       1,071,155      
26   2,043,129       999,248         1,043,881      
27   1,990,053       976,295         1,013,758      
28   1,928,210       946,857         981,353        
29   1,858,141       911,289         946,852        
30   1,777,136       868,157         908,979        
31   1,702,970       827,359         875,611        
32   1,632,357       787,126         845,231        
33   1,565,488       747,600         817,888        
34   1,502,049       708,758         793,291        
35   1,443,490       670,368         773,122        
36   1,380,649       633,531         747,118        
37   1,315,195       597,967         717,228        
38   1,247,032       563,620         683,412        
39   1,176,634       530,514         646,120        
40   1,100,749       497,644         603,105        
41   1,039,070       470,356         568,714        
42   987,414         447,406         540,008        
43   945,647         428,686         516,961        
44   913,119         413,908         499,211        
45   891,550         403,945         487,605        
46   868,941         392,878         476,063        
47   847,363         381,746         465,617        
48   826,584         370,446         456,138        
49   806,562         358,985         447,577        
50   787,636         347,395         440,241        
51   767,781         335,531         432,250        
52   747,368         323,427         423,941        
53   726,373         311,088         415,285        
54   704,842         298,559         406,283        
55   682,533         285,495         397,038        
56   660,947         273,953         386,994        
57   639,787         263,517         376,270        
58   619,061         254,187         364,874        
59   598,672         245,849         352,823        
60   579,337         239,155         340,182        
61   556,849         230,129         326,720        
62   532,051         219,537         312,514        
63   504,970         207,379         297,591        
64   475,792         193,800         281,992        
65   444,050         178,359         265,691        
66   413,352         164,273         249,079        
67   383,016         150,900         232,116        
68   353,067         138,238         214,829        
69   323,515         126,230         197,285        
70   293,852         114,761         179,091        
71   266,798         104,119         162,679        
72   241,642         94,169          147,473        
73   218,255         84,851          133,404        
74   196,455         76,101          120,354        
75   176,152         67,866          108,286        
76   156,809         60,066          96,743         
77   138,385         52,655          85,730         
78   120,763         45,584          75,179         
79   103,892         38,830          65,062         
80   87,157          32,120          55,037         
81   73,465          26,741          46,724         
82   61,824          22,243          39,581         
83   51,961          18,503          33,458         
84   43,591          15,392          28,199         
85   36,440          12,804          23,636         
86   30,504          10,656          19,848         
87   25,555          8,876           16,679         
88   21,434          7,401           14,033         
89   18,009          6,181           11,828         
90   15,169          5,175           9,994          
91   12,820          4,347           8,473          
92   10,889          3,670           7,219          
93   9,309           3,118           6,191          
94   8,031           2,674           5,357          
95   7,012           2,321           4,691          
96   6,218           2,048           4,170          
97   5,622           1,843           3,779          
98   5,205           1,700           3,505          
99   4,952           1,613           3,339          
100  4,830           1,572           3,258          
