# age, both genders, male, female

# Таблица построена дезагрегацией данных АДХ при помощи модуля rtss.data.population.synthetic.PopulationADH

0    3,125,106       1,589,006       1,536,100      
1    2,774,258       1,410,207       1,364,051      
2    2,423,408       1,231,407       1,192,001      
3    2,072,559       1,052,608       1,019,951      
4    1,721,709       873,808         847,901        
5    1,370,861       695,009         675,852        
6    1,149,979       582,575         567,404        
7    1,092,134       553,206         538,928        
8    1,198,001       607,246         590,755        
9    1,472,027       746,965         725,062        
10   2,061,252       1,047,962       1,013,290      
11   2,438,243       1,238,673       1,199,570      
12   2,662,897       1,349,743       1,313,154      
13   2,711,200       1,368,901       1,342,299      
14   2,587,410       1,298,722       1,288,688      
15   2,233,588       1,109,414       1,124,174      
16   2,051,864       1,011,728       1,040,136      
17   1,960,794       962,377         998,417        
18   1,963,770       962,916         1,000,854      
19   2,055,984       1,010,565       1,045,419      
20   2,285,685       1,132,873       1,152,812      
21   2,411,178       1,191,394       1,219,784      
22   2,469,720       1,207,246       1,262,474      
23   2,455,454       1,177,325       1,278,129      
24   2,370,963       1,104,162       1,266,801      
25   2,204,359       978,378         1,225,981      
26   2,046,978       874,603         1,172,375      
27   1,882,340       778,516         1,103,824      
28   1,711,892       690,481         1,021,411      
29   1,537,431       610,022         927,409        
30   1,342,274       531,412         810,862        
31   1,225,381       482,192         743,189        
32   1,162,629       454,663         707,966        
33   1,153,209       448,163         705,046        
34   1,194,508       461,571         732,937        
35   1,308,474       503,163         805,311        
36   1,384,725       530,719         854,006        
37   1,440,941       551,066         889,875        
38   1,474,244       563,141         911,103        
39   1,484,616       566,911         917,705        
40   1,468,062       561,317         906,745        
41   1,446,859       552,208         894,651        
42   1,417,265       538,644         878,621        
43   1,379,845       520,832         859,013        
44   1,334,969       498,999         835,970        
45   1,281,259       472,436         808,823        
46   1,228,478       446,418         782,060        
47   1,174,954       420,043         754,911        
48   1,120,880       393,414         727,466        
49   1,066,427       366,688         699,739        
50   1,010,152       338,473         671,679        
51   960,558         316,901         643,657        
52   915,750         300,141         615,609        
53   875,635         288,096         587,539        
54   839,906         280,389         559,517        
55   809,507         278,631         530,876        
56   778,269         272,807         505,462        
57   747,171         264,717         482,454        
58   716,063         254,248         461,815        
59   684,990         241,597         443,393        
60   653,512         225,957         427,555        
61   624,363         212,782         411,581        
62   596,942         201,009         395,933        
63   571,215         190,660         380,555        
64   546,969         181,592         365,377        
65   525,361         174,371         350,990        
66   499,217         165,301         333,916        
67   469,981         155,100         314,881        
68   437,703         143,772         293,931        
69   402,738         131,456         271,282        
70   363,959         117,718         246,241        
71   329,436         105,681         223,755        
72   297,424         94,653          202,771        
73   267,815         84,583          183,232        
74   240,365         75,364          165,001        
75   214,779         66,910          147,869        
76   191,292         59,108          132,184        
77   169,598         51,887          117,711        
78   149,502         45,176          104,326        
79   130,829         38,919          91,910         
80   113,245         32,949          80,296         
81   97,498          27,815          69,683         
82   83,171          23,284          59,887         
83   70,064          19,266          50,798         
84   58,021          15,685          42,336         
85   46,475          12,359          34,116         
86   37,521          9,812           27,709         
87   30,278          7,785           22,493         
88   24,454          6,180           18,274         
89   19,773          4,910           14,863         
90   16,017          3,907           12,110         
91   13,008          3,116           9,892          
92   10,606          2,494           8,112          
93   8,697           2,007           6,690          
94   7,193           1,629           5,564          
95   6,021           1,338           4,683          
96   5,127           1,119           4,008          
97   4,468           959             3,509          
98   4,014           850             3,164          
99   3,740           784             2,956          
100  3,610           753             2,857          
