# age, both genders, male, female

0                               1,152,065       583,947         568,118
1                               1,030,009       520,305         509,704
2                               691,097         347,260         343,837
3                               594,785         299,239         295,546
4                               504,103         254,029         250,074
5                               465,671         232,949         232,722
6                               557,653         278,377         279,276
7                               601,134         299,150         301,984
8                               654,582         324,584         329,998
9                               624,125         309,199         314,926
итого  от 1 года до 9 лет:      5,723,159       2,865,092       2,858,067
10                              734,102         362,745         371,357
11                              743,331         367,766         375,565
12                              845,709         421,061         424,648
13                              803,705         396,680         407,025
14                              770,309         375,642         394,667
15                              773,373         376,240         397,133
16                              747,529         356,925         390,604
17                              741,999         356,281         385,718
18                              747,415         358,892         388,523
19                              660,678         314,165         346,513
итого от 10 до 19 лет:          7,568,150       3,686,397       3,881,753
20                              773,401         355,598         417,803
21                              509,043         221,708         287,335
22                              627,982         258,592         369,390
23                              767,183         339,397         427,786
24                              981,315         478,361         502,954
25                              954,050         482,122         471,928
26                              977,826         488,055         489,771
27                              851,906         432,143         419,763
28                              969,290         483,139         486,151
29                              741,508         369,980         371,528
итого от 20 до 29 лет:          8,153,504       3,909,095       4,244,409
30                              823,800         405,160         418,640
31                              686,075         352,200         333,875
32                              747,386         379,242         368,144
33                              662,008         326,488         335,520
34                              658,118         326,552         331,566
35                              625,042         309,681         315,361
36                              573,778         271,348         302,430
37                              455,255         195,605         259,650
38                              676,239         293,259         382,980
39                              474,844         217,468         257,376
итого от 30 до 39 лет:          6,382,545       3,077,003       3,305,542
40                              493,506         221,089         272,417
41                              370,463         176,569         193,894
42                              444,766         204,418         240,348
43                              389,279         180,466         208,813
44                              345,872         159,080         186,792
45                              360,465         167,226         193,239
46                              309,438         146,122         163,316
47                              269,527         124,502         145,025
48                              332,345         153,944         178,401
49                              269,718         121,540         148,178
итого от 40 до 49 лет:          3,585,379       1,654,956       1,930,423
50                              351,945         157,586         194,359
51                              229,830         111,113         118,717
52                              271,476         125,712         145,764
53                              251,971         114,813         137,158
54                              240,080         107,841         132,239
55                              254,720         104,619         150,101
56                              219,800         92,210          127,590
57                              180,186         72,662          107,524
58                              215,103         88,371          126,732
59                              165,968         69,616          96,352
итого от 50 до 59 лет:          2,381,079       1,044,543       1,336,536
60                              204,155         74,573          129,582
61                              135,761         58,508          77,253
62                              157,828         61,366          96,462
63                              153,779         56,456          97,323
64                              132,533         48,957          83,576
65                              151,314         52,566          98,748
66                              121,857         42,504          79,353
67                              103,833         33,651          70,182
68                              110,448         38,229          72,219
69                              74,595          24,849          49,746
итого от 60 до 69 лет:          1,346,103       491,659         854,444
70                              99,542          27,791          71,751
71                              51,155          16,818          34,337
72                              64,416          19,864          44,552
73                              55,427          16,123          39,304
74                              45,330          13,183          32,147
75                              52,981          13,807          39,174
76                              35,311          9,795           25,516
77                              29,482          7,753           21,729
78                              30,938          8,658           22,280
79                              16,937          4,679           12,258
итого от 70 до 79 лет:          481,519         138,471         343,048
80                              23,772          5,259           18,513
81                              9,445           2,600           6,845
82                              11,449          2,815           8,634
83                              9,253           2,305           6,948
84                              7,140           1,703           5,437
85                              9,324           1,901           7,423
86                              5,252           1,149           4,103
87                              3,697           809             2,888
88                              3,821           839             2,982
89                              1,955           409             1,546
итого от 80 до 89 лет:          85,108          19,789          65,319
90                              3,117           566             2,551
91                              905             205             700
92                              988             234             754
93                              886             192             694
94                              610             149             461
95                              907             161             746
96                              611             143             468
97                              420             84              336
98                              481             121             360
99                              232             69              163
100+                            1,197           283             914
итого 90 лет и старше:          10,354          2,207           8,147
                        
unknown                         6,268           3,969           2,299
всего                           36,875,233      17,477,128      19,398,105

