# age, both genders, male, female

# Таблица построена дезагрегацией данных АДХ при помощи модуля rtss.data.population.synthetic.PopulationADH

0    1,129,976       580,251         549,725        
1    1,321,795       675,701         646,094        
2    1,527,831       778,313         749,518        
3    1,734,436       881,213         853,223        
4    1,927,963       977,523         950,440        
5    2,094,761       1,060,366       1,034,395      
6    2,221,185       1,122,866       1,098,319      
7    2,293,586       1,158,147       1,135,439      
8    2,301,383       1,160,718       1,140,665      
9    2,259,085       1,136,904       1,122,181      
10   2,195,468       1,101,484       1,093,984      
11   2,138,550       1,069,490       1,069,060      
12   2,116,416       1,055,888       1,060,528      
13   2,148,818       1,070,094       1,078,724      
14   2,221,749       1,104,045       1,117,704      
15   2,308,455       1,143,687       1,164,768      
16   2,382,010       1,174,884       1,207,126      
17   2,416,027       1,183,910       1,232,117      
18   2,404,686       1,165,329       1,239,357      
19   2,368,822       1,125,190       1,243,632      
20   2,316,816       1,070,807       1,246,009      
21   2,255,227       1,009,482       1,245,745      
22   2,188,319       947,632         1,240,687      
23   2,063,571       868,979         1,194,592      
24   1,850,067       762,100         1,087,967      
25   1,599,421       645,848         953,573        
26   1,367,376       540,633         826,743        
27   1,209,673       466,862         742,811        
28   1,169,934       442,959         726,975        
29   1,205,596       457,698         747,898        
30   1,269,412       487,396         782,016        
31   1,337,085       519,065         818,020        
32   1,385,566       540,457         845,109        
33   1,420,148       553,069         867,079        
34   1,458,789       566,013         892,776        
35   1,495,043       577,621         917,422        
36   1,520,991       585,544         935,447        
37   1,528,135       587,086         941,049        
38   1,503,938       577,000         926,938        
39   1,450,894       555,750         895,144        
40   1,382,210       527,891         854,319        
41   1,311,312       498,040         813,272        
42   1,251,183       470,583         780,600        
43   1,201,001       443,409         757,592        
44   1,151,295       413,077         738,218        
45   1,102,687       382,862         719,825        
46   1,056,456       356,415         700,041        
47   1,013,762       337,296         676,466        
48   972,543         325,835         646,708        
49   930,551         318,591         611,960        
50   889,214         313,241         575,973        
51   850,157         307,571         542,586        
52   814,936         299,410         515,526        
53   783,014         288,233         494,781        
54   752,680         275,545         477,135        
55   723,860         262,374         461,486        
56   696,583         249,693         446,890        
57   670,921         238,466         432,455        
58   647,960         229,201         418,759        
59   627,676         221,267         406,409        
60   608,069         213,759         394,310        
61   587,045         205,773         381,272        
62   562,492         196,403         366,089        
63   532,506         185,013         347,493        
64   497,888         172,052         325,836        
65   461,147         158,435         302,712        
66   424,846         145,091         279,755        
67   391,448         132,909         258,539        
68   360,498         121,730         238,768        
69   330,062         110,835         219,227        
70   300,597         100,346         200,251        
71   272,707         90,439          182,268        
72   246,990         81,286          165,704        
73   223,614         72,879          150,735        
74   202,093         65,051          137,042        
75   181,973         57,729          124,244        
76   162,808         50,848          111,960        
77   144,095         44,319          99,776         
78   124,164         37,577          86,587         
79   102,961         30,527          72,434         
80   82,966          23,969          58,997         
81   66,774          18,748          48,026         
82   56,831          15,658          41,173         
83   51,261          14,042          37,219         
84   46,167          12,582          33,585         
85   40,097          10,820          29,277         
86   33,328          8,852           24,476         
87   27,486          7,184           20,302         
88   22,460          5,775           16,685         
89   18,154          4,591           13,563         
90   14,480          3,600           10,880         
91   11,364          2,776           8,588          
92   8,740           2,097           6,643          
93   6,551           1,542           5,009          
94   4,748           1,095           3,653          
95   3,288           742             2,546          
96   2,135           470             1,665          
97   1,260           270             990            
98   633             131             502            
99   234             46              188            
100  38              7               31             
