# age, male, female, both genders

Total        48,373,282      57,355,338      105,728,620
0            942,145         929,642         1,871,787
1            1,075,354       1,040,088       2,115,442
2            1,103,530       1,064,297       2,167,827
3            1,124,834       1,086,858       2,211,692
4            1,159,122       1,118,000       2,277,122
5            1,203,178       1,155,840       2,359,018
6            1,284,837       1,238,817       2,523,654
7            1,295,094       1,250,048       2,545,142
8            1,327,991       1,282,118       2,610,109
9            1,391,498       1,346,393       2,737,891
10           1,385,025       1,334,352       2,719,377
11           1,330,902       1,288,005       2,618,907
12           1,344,674       1,290,459       2,635,133
13           1,262,464       1,213,183       2,475,647
14           1,234,035       1,185,143       2,419,178
15           1,102,850       1,064,473       2,167,323
16           921,417         890,435         1,811,852
17           817,142         741,849         1,558,991
18           766,162         652,114         1,418,276
19           692,937         626,715         1,319,652
20           700,059         661,564         1,361,623
21           618,377         553,318         1,171,695
22           533,641         525,411         1,059,052
23           483,043         486,300         969,343
24           310,319         323,063         633,382
25           316,229         336,587         652,816
26           316,041         334,769         650,810
27           455,004         489,452         944,456
28           632,277         657,833         1,290,110
29           686,790         723,977         1,410,767
30           778,851         827,754         1,606,605
31           783,166         821,034         1,604,200
32           803,790         814,966         1,618,756
33           753,191         772,592         1,525,783
34           689,355         690,345         1,379,700
35           603,571         609,578         1,213,149
36           570,639         585,554         1,156,193
37           696,315         748,416         1,444,731
38           667,463         668,017         1,335,480
39           810,217         861,222         1,671,439
40           790,227         856,537         1,646,764
41           785,803         899,953         1,685,756
42           708,276         832,832         1,541,108
43           597,166         802,917         1,400,083
44           537,342         768,776         1,306,118
45           525,041         783,105         1,308,146
46           443,627         679,948         1,123,575
47           382,340         649,791         1,032,131
48           332,958         519,337         852,295
49           307,717         528,823         836,540
50           299,293         524,230         823,523
51           313,031         554,626         867,657
52           221,856         385,505         607,361
53           233,610         423,044         656,654
54           285,442         541,493         826,935
55           362,353         770,163         1,132,516
56           345,728         676,379         1,022,107
57           378,368         772,975         1,151,343
58           343,465         634,546         978,011
59           369,197         752,667         1,121,864
60           372,916         690,584         1,063,500
61           326,562         593,222         919,784
62           336,648         608,633         945,281
63           315,366         578,197         893,563
64           294,793         578,817         873,610
65           291,001         575,813         866,814
66           264,163         527,256         791,419
67           250,974         517,121         768,095
68           203,005         399,107         602,112
69           240,956         585,831         826,787
70           204,950         415,246         620,196
71           163,177         321,308         484,485
72           161,782         326,469         488,251
73           153,285         309,789         463,074
74           149,662         299,644         449,306
75           143,280         292,016         435,296
76           122,988         236,401         359,389
77           113,138         224,712         337,850
78           94,145          180,881         275,026
79           86,873          190,373         277,246
80           78,128          201,226         279,354
81           77,967          176,816         254,783
82           58,329          132,069         190,398
83           47,360          112,304         159,664
84           43,565          103,498         147,063
85           39,451          97,048          136,499
86           28,778          70,127          98,905
87           26,150          63,582          89,732
88           18,202          45,095          63,297
89           18,715          46,286          65,001
90           13,846          38,120          51,966
91           6,384           17,055          23,439
92           5,993           15,070          21,063
93           4,246           12,131          16,377
94           3,657           10,737          14,394
95           3,187           9,835           13,022
96           2,456           7,480           9,936
97           2,024           6,616           8,640
98           1,547           5,110           6,657
99           1,819           6,010           7,829
100+         3,297           10,639          13,936
unknown      62,148          68,836          130,984
