# age, male, female, both genders

Total        111,399,377      130,320,757      241,720,134
0            1,919,278        1,882,557        3,801,835
1            2,081,753        2,003,747        4,085,500
2            2,110,128        2,027,861        4,137,989
3            2,137,666        2,059,967        4,197,633
4            2,185,786        2,101,146        4,286,932
5            2,283,302        2,190,790        4,474,092
6            2,425,178        2,332,093        4,757,271
7            2,500,957        2,409,443        4,910,400
8            2,582,184        2,483,611        5,065,795
9            2,683,100        2,585,049        5,268,149
10           2,662,301        2,561,025        5,223,326
11           2,585,057        2,498,220        5,083,277
12           2,590,890        2,488,682        5,079,572
13           2,449,204        2,361,247        4,810,451
14           2,442,577        2,349,163        4,791,740
15           2,415,208        2,321,049        4,736,257
16           2,220,879        2,135,052        4,355,931
17           2,219,012        2,141,443        4,360,455
18           2,220,361        2,124,586        4,344,947
19           2,149,789        2,051,857        4,201,646
20           2,256,145        2,164,094        4,420,239
21           1,868,209        1,841,774        3,709,983
22           1,781,961        1,773,523        3,555,484
23           1,661,865        1,646,752        3,308,617
24           1,058,724        1,052,163        2,110,887
25           959,939          966,634          1,926,573
26           888,751          896,315          1,785,066
27           1,226,141        1,273,311        2,499,452
28           1,816,636        1,851,950        3,668,586
29           1,921,953        1,968,781        3,890,734
30           2,197,766        2,298,703        4,496,469
31           2,205,234        2,294,084        4,499,318
32           2,294,169        2,342,154        4,636,323
33           1,952,477        2,018,214        3,970,691
34           1,758,695        1,783,189        3,541,884
35           1,500,453        1,527,095        3,027,548
36           1,386,323        1,424,644        2,810,967
37           1,674,472        1,787,493        3,461,965
38           1,643,670        1,671,488        3,315,158
39           1,934,843        2,043,373        3,978,216
40           1,942,675        2,087,921        4,030,596
41           1,957,059        2,181,765        4,138,824
42           1,877,833        2,064,880        3,942,713
43           1,612,418        2,006,181        3,618,599
44           1,368,643        1,903,696        3,272,339
45           1,260,041        1,907,485        3,167,526
46           1,053,574        1,668,120        2,721,694
47           895,206          1,512,148        2,407,354
48           796,657          1,234,084        2,030,741
49           738,062          1,190,195        1,928,257
50           731,891          1,193,194        1,925,085
51           794,196          1,295,341        2,089,537
52           573,272          919,227          1,492,499
53           602,651          1,002,360        1,605,011
54           727,825          1,237,783        1,965,608
55           902,845          1,681,196        2,584,041
56           850,440          1,486,395        2,336,835
57           895,606          1,654,741        2,550,347
58           800,283          1,365,765        2,166,048
59           823,845          1,552,060        2,375,905
60           800,182          1,432,944        2,233,126
61           704,528          1,279,567        1,984,095
62           714,021          1,279,801        1,993,822
63           660,712          1,214,632        1,875,344
64           609,171          1,198,335        1,807,506
65           588,895          1,173,010        1,761,905
66           528,252          1,076,115        1,604,367
67           487,805          1,054,684        1,542,489
68           386,795          827,421          1,214,216
69           442,067          1,136,362        1,578,429
70           375,373          816,835          1,192,208
71           309,911          681,210          991,121
72           300,555          661,496          962,051
73           279,298          621,814          901,112
74           269,085          590,050          859,135
75           251,060          555,907          806,967
76           216,106          462,123          678,229
77           194,543          427,249          621,792
78           162,627          348,111          510,738
79           147,192          354,216          501,408
80           129,762          355,620          485,382
81           129,831          328,684          458,515
82           96,919           245,464          342,383
83           78,801           207,709          286,510
84           70,688           186,996          257,684
85           62,851           170,154          233,005
86           45,993           125,592          171,585
87           40,782           110,714          151,496
88           28,447           77,617           106,064
89           27,768           76,874           104,642
90           20,469           61,295           81,764
91           9,902            31,482           41,384
92           9,170            26,466           35,636
93           6,348            20,626           26,974
94           5,338            17,645           22,983
95           4,510            15,366           19,876
96           3,461            11,849           15,310
97           2,868            10,109           12,977
98           2,116            7,534            9,650
99           2,482            8,763            11,245
100+         4,252            15,052           19,304
unknown      130,383          138,405          268,788
