# Таблица построена по данным АДХ-РСФСР модулем rtss.data.mortality.synthetic.MortalityTableADH
# Возраст в годах, Числа доживающих до возраста х лет, Числа умирающих при переходе от возраста x к возрасту х+1 лет, Вероятность умереть в течение предстоящего года жизни, Вероятность дожить до возраста х+1 лет, Числа живущих в возрасте х лет, Числа прожитых человеколет, Средняя продолжительность предстоящей жизни
# x, lx, dx, qx, px, Lx, Tx, ex

0       100000  24750   0.24750 0.75250 87625   3393806 33.94
1       75250   9061    0.12041 0.87959 70720   3306181 43.94
2       66189   4077    0.06159 0.93841 64151   3235462 48.88
3       62112   2109    0.03396 0.96604 61058   3171311 51.06
4       60003   1226    0.02043 0.97957 59390   3110254 51.83
5       58777   792     0.01348 0.98652 58354   3050864 51.91
6       57985   566     0.00976 0.99024 57687   2992510 51.61
7       57419   443     0.00772 0.99228 57190   2934823 51.11
8       56976   375     0.00658 0.99342 56784   2877633 50.51
9       56601   337     0.00596 0.99404 56430   2820849 49.84
10      56264   317     0.00564 0.99436 56104   2764419 49.13
11      55947   304     0.00544 0.99456 55794   2708315 48.41
12      55643   294     0.00529 0.99471 55495   2652521 47.67
13      55349   285     0.00514 0.99486 55206   2597026 46.92
14      55064   275     0.00499 0.99501 54926   2541820 46.16
15      54789   266     0.00486 0.99514 54655   2486894 45.39
16      54523   262     0.00481 0.99519 54392   2432239 44.61
17      54261   264     0.00487 0.99513 54129   2377847 43.82
18      53997   273     0.00506 0.99494 53862   2323717 43.03
19      53724   290     0.00540 0.99460 53581   2269856 42.25
20      53434   313     0.00586 0.99414 53280   2216275 41.48
21      53121   341     0.00642 0.99358 52953   2162996 40.72
22      52780   370     0.00701 0.99299 52597   2110043 39.98
23      52410   398     0.00759 0.99241 52213   2057445 39.26
24      52012   422     0.00812 0.99188 51803   2005232 38.55
25      51590   442     0.00858 0.99142 51371   1953429 37.86
26      51148   458     0.00895 0.99105 50920   1902059 37.19
27      50690   469     0.00926 0.99074 50456   1851139 36.52
28      50221   477     0.00950 0.99050 49983   1800682 35.86
29      49744   483     0.00971 0.99029 49503   1750699 35.19
30      49261   487     0.00989 0.99011 49018   1701196 34.53
31      48774   491     0.01007 0.98993 48529   1652179 33.87
32      48283   496     0.01027 0.98973 48035   1603650 33.21
33      47787   502     0.01050 0.98950 47537   1555614 32.55
34      47285   509     0.01076 0.98924 47031   1508078 31.89
35      46776   517     0.01105 0.98895 46518   1461047 31.23
36      46259   525     0.01134 0.98866 45997   1414528 30.58
37      45734   532     0.01163 0.98837 45469   1368531 29.92
38      45202   537     0.01188 0.98812 44934   1323063 29.27
39      44665   540     0.01209 0.98791 44395   1278129 28.62
40      44125   541     0.01225 0.98775 43854   1233734 27.96
41      43584   538     0.01233 0.98767 43315   1189879 27.30
42      43046   532     0.01235 0.98765 42779   1146565 26.64
43      42514   524     0.01231 0.98769 42251   1103785 25.96
44      41990   514     0.01225 0.98775 41732   1061534 25.28
45      41476   506     0.01221 0.98779 41222   1019802 24.59
46      40970   501     0.01224 0.98776 40719   978579  23.89
47      40469   501     0.01237 0.98763 40219   937860  23.17
48      39968   505     0.01264 0.98736 39716   897641  22.46
49      39463   515     0.01305 0.98695 39207   857925  21.74
50      38948   530     0.01361 0.98639 38684   818719  21.02
51      38418   549     0.01429 0.98571 38145   780034  20.30
52      37869   572     0.01510 0.98490 37585   741889  19.59
53      37297   597     0.01600 0.98400 37001   704304  18.88
54      36700   624     0.01700 0.98300 36390   667303  18.18
55      36076   653     0.01810 0.98190 35752   630913  17.49
56      35423   684     0.01931 0.98069 35084   595161  16.80
57      34739   717     0.02065 0.97935 34383   560077  16.12
58      34022   753     0.02213 0.97787 33649   525694  15.45
59      33269   792     0.02380 0.97620 32876   492045  14.79
60      32477   834     0.02569 0.97431 32064   459169  14.14
61      31643   882     0.02787 0.97213 31206   427105  13.50
62      30761   935     0.03041 0.96959 30298   395899  12.87
63      29826   994     0.03334 0.96666 29334   365601  12.26
64      28832   1058    0.03669 0.96331 28308   336267  11.66
65      27774   1123    0.04045 0.95955 27218   307958  11.09
66      26651   1186    0.04451 0.95549 26063   280741  10.53
67      25465   1243    0.04880 0.95120 24848   254678  10.00
68      24222   1290    0.05327 0.94673 23581   229830  9.49
69      22932   1329    0.05796 0.94204 22270   206249  8.99
70      21603   1361    0.06301 0.93699 20925   183979  8.52
71      20242   1392    0.06875 0.93125 19549   163054  8.06
72      18850   1423    0.07549 0.92451 18141   143505  7.61
73      17427   1455    0.08347 0.91653 16702   125364  7.19
74      15972   1482    0.09278 0.90722 15233   108662  6.80
75      14490   1497    0.10328 0.89672 13742   93429   6.45
76      12993   1486    0.11436 0.88564 12248   79688   6.13
77      11507   1442    0.12534 0.87466 10781   67440   5.86
78      10065   1364    0.13555 0.86445 9375    56659   5.63
79      8701    1257    0.14447 0.85553 8063    47284   5.43
80      7444    1131    0.15193 0.84807 6868    39221   5.27
81      6313    999     0.15819 0.84181 5803    32353   5.12
82      5314    869     0.16352 0.83648 4869    26550   5.00
83      4445    748     0.16819 0.83181 4061    21681   4.88
84      3697    637     0.17243 0.82757 3370    17620   4.77
85      3060    540     0.17638 0.82362 2782    14250   4.66
86      2520    454     0.18006 0.81994 2286    11468   4.55
87      2066    379     0.18353 0.81647 1871    9182    4.44
88      1687    315     0.18683 0.81317 1525    7311    4.33
89      1372    261     0.18999 0.81001 1237    5786    4.22
90      1111    215     0.19308 0.80692 1000    4549    4.09
91      896     176     0.19611 0.80389 805     3549    3.96
92      720     143     0.19915 0.80085 646     2744    3.81
93      577     117     0.20221 0.79779 516     2098    3.64
94      460     94      0.20535 0.79465 411     1582    3.44
95      366     76      0.20858 0.79142 327     1170    3.20
96      290     61      0.21193 0.78807 258     844     2.91
97      229     49      0.21543 0.78457 204     585     2.56
98      180     39      0.21910 0.78090 160     382     2.12
99      141     31      0.22295 0.77705 125     222     1.57
100     110     25      0.22699 0.77301 97      97      0.88
