# age, both genders, male, female

0                               3,792,465       1,922,980       1,869,485
1                               3,143,446       1,586,716       1,556,730
2                               2,614,009       1,315,494       1,298,515
3                               2,342,118       1,177,032       1,165,086
4                               2,036,297       1,022,356       1,013,941
5                               1,897,925       952,623         945,302
6                               2,214,655       1,105,279       1,109,376
7                               2,512,837       1,246,441       1,266,396
8                               2,746,288       1,364,657       1,381,631
9                               2,452,390       1,215,044       1,237,346
итого  от 1 года до 9 лет:      21,959,965      10,985,642      10,974,323
10                              2,892,260       1,432,386       1,459,874
11                              2,773,647       1,375,923       1,397,724
12                              3,160,673       1,584,970       1,575,703
13                              2,826,037       1,412,168       1,413,869
14                              2,624,476       1,306,592       1,317,884
15                              2,393,571       1,198,425       1,195,146
16                              2,068,011       1,016,732       1,051,279
17                              1,791,223       876,566         914,657
18                              1,756,187       842,265         913,922
19                              1,574,939       736,643         838,296
итого от 10 до 19 лет:          23,861,024      11,782,670      12,078,354
20                              1,916,803       914,259         1,002,544
21                              1,247,093       590,630         656,463
22                              1,554,027       684,519         869,508
23                              1,847,885       835,774         1,012,111
24                              2,271,575       1,072,961       1,198,614
25                              2,199,497       1,066,347       1,133,150
26                              2,271,204       1,086,339       1,184,865
27                              2,023,011       989,967         1,033,044
28                              2,311,781       1,122,793       1,188,988
29                              1,761,029       866,965         894,064
итого от 20 до 29 лет:          19,403,905      9,230,554       10,173,351
30                              2,038,039       982,415         1,055,624
31                              1,669,321       850,281         819,040
32                              1,860,756       932,325         928,431
33                              1,676,568       813,158         863,410
34                              1,666,415       817,787         848,628
35                              1,632,180       784,803         847,377
36                              1,501,383       703,383         798,000
37                              1,215,017       511,403         703,614
38                              1,740,373       769,874         970,499
39                              1,224,176       557,264         666,912
итого от 30 до 39 лет:          16,224,228      7,722,693       8,501,535
40                              1,319,634       572,900         746,734
41                              959,652         449,966         509,686
42                              1,159,246       522,886         636,360
43                              1,018,629       460,408         558,221
44                              916,393         410,076         506,317
45                              1,029,953       449,007         580,946
46                              851,899         384,469         467,430
47                              757,819         326,280         431,539
48                              927,526         410,355         517,171
49                              747,762         319,294         428,468
итого от 40 до 49 лет:          9,688,513       4,305,641       5,382,872
50                              1,002,225       425,463         576,762
51                              618,105         292,192         325,913
52                              741,943         336,503         405,440
53                              695,964         309,951         386,013
54                              689,982         294,235         395,747
55                              880,762         310,913         569,849
56                              718,907         269,671         449,236
57                              578,369         210,445         367,924
58                              655,428         259,411         396,017
59                              528,587         213,101         315,486
итого от 50 до 59 лет:          7,110,272       2,921,885       4,188,387
60                              767,277         270,833         496,444
61                              470,815         205,854         264,961
62                              564,617         227,816         336,801
63                              536,449         211,342         325,107
64                              458,011         179,780         278,231
65                              575,134         208,999         366,135
66                              467,006         177,703         289,303
67                              403,504         143,426         260,078
68                              375,666         148,248         227,418
69                              273,747         102,862         170,885
итого от 60 до 69 лет:          4,892,226       1,876,863       3,015,363
70                              418,681         130,594         288,087
71                              187,843         72,403          115,440
72                              242,781         91,100          151,681
73                              209,464         76,826          132,638
74                              169,534         62,037          107,497
75                              230,400         74,955          155,445
76                              142,210         50,606          91,604
77                              124,496         43,275          81,221
78                              125,099         45,736          79,363
79                              76,574          26,936          49,638
итого от 70 до 79 лет:          1,927,082       674,468         1,252,614
80                              136,094         37,312          98,782
81                              45,553          16,061          29,492
82                              52,469          17,880          34,589
83                              41,817          14,248          27,569
84                              33,522          11,208          22,314
85                              52,014          14,485          37,529
86                              25,369          8,074           17,295
87                              20,167          6,023           14,144
88                              19,710          6,145           13,565
89                              12,359          3,572           8,787
итого от 80 до 89 лет:          439,074         135,008         304,066
90                              23,846          5,640           18,206
91                              6,013           1,760           4,253
92                              6,041           1,830           4,211
93                              5,169           1,540           3,629
94                              3,836           1,219           2,617
95                              7,481           1,969           5,512
96                              4,204           1,261           2,943
97                              3,337           933             2,404
98                              3,551           1,066           2,485
99                              2,203           710             1,493
100+                            12,684          3,918           8,766
итого 90 лет и старше:          78,365          21,846          56,519
                        
unknown                         20,344          13,520          6,824
всего                           109,397,463     51,593,770      57,803,693

