# age, both genders, male, female

# Таблица построена дезагрегацией данных АДХ при помощи модуля rtss.data.population.synthetic.PopulationADH

0    2,870,625       1,466,453       1,404,172      
1    2,685,473       1,369,811       1,315,662      
2    2,576,356       1,311,957       1,264,399      
3    2,543,274       1,292,890       1,250,384      
4    2,543,274       1,292,890       1,250,384      
5    2,543,274       1,292,890       1,250,384      
6    2,540,444       1,290,060       1,250,384      
7    2,479,065       1,256,549       1,222,516      
8    2,266,742       1,147,772       1,118,970      
9    1,903,477       963,730         939,747        
10   1,461,010       740,528         720,482        
11   1,124,284       569,999         554,285        
12   994,099         503,276         490,823        
13   1,144,631       578,708         565,923        
14   1,505,976       761,489         744,487        
15   1,963,777       993,027         970,750        
16   2,403,194       1,214,438       1,188,756      
17   2,709,383       1,366,835       1,342,548      
18   2,774,387       1,395,322       1,379,065      
19   2,595,257       1,300,377       1,294,880      
20   2,293,225       1,143,484       1,149,741      
21   2,001,471       991,411         1,010,060      
22   1,851,839       910,553         941,286        
23   1,897,686       933,564         964,122        
24   2,052,781       1,017,989       1,034,792      
25   2,242,407       1,119,780       1,122,627      
26   2,395,729       1,196,799       1,198,930      
27   2,446,300       1,210,758       1,235,542      
28   2,390,476       1,160,594       1,229,882      
29   2,275,086       1,069,068       1,206,018      
30   2,127,937       957,495         1,170,442      
31   1,975,106       847,176         1,127,930      
32   1,840,818       758,442         1,082,376      
33   1,699,448       683,461         1,015,987      
34   1,523,692       604,426         919,266        
35   1,343,904       529,638         814,266        
36   1,193,549       468,928         724,621        
37   1,106,087       432,131         673,956        
38   1,106,318       427,663         678,655        
39   1,175,142       450,640         724,502        
40   1,275,418       486,649         788,769        
41   1,370,706       521,227         849,479        
42   1,424,745       540,044         884,701        
43   1,428,279       540,575         887,704        
44   1,418,852       536,504         882,348        
45   1,405,203       530,457         874,746        
46   1,390,618       523,502         867,116        
47   1,377,771       516,452         861,319        
48   1,353,338       503,490         849,848        
49   1,306,070       480,099         825,971        
50   1,245,097       450,522         794,575        
51   1,180,611       419,455         761,156        
52   1,122,429       391,395         731,034        
53   1,069,118       365,125         703,993        
54   1,013,746       337,504         676,242        
55   958,710         310,753         647,957        
56   906,986         287,409         619,577        
57   861,458         269,962         591,496        
58   822,008         258,948         563,060        
59   785,837         251,928         533,909        
60   751,769         246,629         505,140        
61   718,751         240,829         477,922        
62   685,740         232,335         453,405        
63   652,193         220,258         431,935        
64   618,547         205,949         412,598        
65   585,361         190,831         394,530        
66   553,185         176,302         376,883        
67   522,581         163,730         358,851        
68   494,210         153,501         340,709        
69   467,663         144,636         323,027        
70   441,652         136,348         305,304        
71   414,857         127,877         286,980        
72   385,927         118,465         267,462        
73   353,230         107,593         245,637        
74   317,333         95,717          221,616        
75   280,724         83,712          197,012        
76   245,961         72,460          173,501        
77   215,457         62,795          152,662        
78   187,621         54,191          133,430        
79   160,237         45,842          114,395        
80   135,362         38,338          97,024         
81   115,298         32,353          82,945         
82   102,187         28,511          73,676         
83   93,664          26,069          67,595         
84   85,487          23,728          61,759         
85   74,047          20,231          53,816         
86   60,062          15,871          44,191         
87   48,102          12,261          35,841         
88   37,961          9,305           28,656         
89   29,446          6,916           22,530         
90   22,378          5,015           17,363         
91   16,592          3,529           13,063         
92   11,938          2,395           9,543          
93   8,272           1,553           6,719          
94   5,461           949             4,512          
95   3,382           537             2,845          
96   1,916           273             1,643          
97   951             118             833            
98   380             39              341            
99   101             8               93             
100  9               0               9              
