# Возраст в годах, Числа доживающих до возраста х лет , Числа умирающих при переходе от возраста x к возрасту х+1 лет , Вероятность умереть в течение предстоящего года жизни, Вероятность дожить до возраста х+1 лет, Числа живущих в возрасте х лет, Числа прожитых человеколет, Средняя продолжительность предстоящей жизни
# x, lх, dх, qх, pх, Lх, Tх, eх

0       100000  4484    0.04484 0.95516 96828   6299387 62.99
1       95516   655     0.00686 0.99314 95084   6202559 64.94
2       94861   275     0.00290 0.99710 94677   6107475 64.38
3       94586   184     0.00195 0.99805 94468   6012798 63.57
4       94402   152     0.00161 0.99839 94304   5918330 62.69
5       94250   136     0.00144 0.99856 94181   5824026 61.79
6       94114   128     0.00136 0.99864 94049   5729845 60.88
7       93986   122     0.00130 0.99870 93924   5635796 59.96
8       93864   115     0.00122 0.99878 93806   5541872 59.04
9       93749   105     0.00112 0.99888 93696   5448066 58.11
10      93644   98      0.00105 0.99895 93594   5354370 57.18
11      93546   92      0.00098 0.99902 93500   5260776 56.24
12      93454   92      0.00098 0.99902 93408   5167276 55.29
13      93362   93      0.00100 0.99900 93315   5073868 54.35
14      93269   102     0.00109 0.99891 93219   4980553 53.40
15      93167   116     0.00124 0.99876 93111   4887334 52.46
16      93051   138     0.00148 0.99852 92984   4794223 51.52
17      92913   156     0.00168 0.99832 92836   4701239 50.60
18      92757   173     0.00187 0.99813 92672   4608403 49.68
19      92584   189     0.00204 0.99796 92491   4515731 48.77
20      92395   200     0.00216 0.99784 92296   4423240 47.87
21      92195   207     0.00225 0.99775 92092   4330944 46.98
22      91988   216     0.00235 0.99765 91881   4238852 46.08
23      91772   235     0.00256 0.99744 91656   4146971 45.19
24      91537   255     0.00279 0.99721 91410   4055315 44.30
25      91282   268     0.00294 0.99706 91149   3963905 43.42
26      91014   273     0.00300 0.99700 90879   3872756 42.55
27      90741   280     0.00309 0.99691 90602   3781877 41.68
28      90461   289     0.00320 0.99680 90317   3691275 40.81
29      90172   301     0.00334 0.99666 90022   3600958 39.93
30      89871   312     0.00347 0.99653 89716   3510936 39.07
31      89559   324     0.00362 0.99638 89398   3421220 38.20
32      89235   334     0.00374 0.99626 89069   3331822 37.34
33      88901   351     0.00395 0.99605 88727   3242753 36.48
34      88550   373     0.00421 0.99579 88365   3154026 35.62
35      88177   400     0.00454 0.99546 87979   3065661 34.77
36      87777   431     0.00491 0.99509 87564   2977682 33.92
37      87346   460     0.00527 0.99473 87118   2890118 33.09
38      86886   483     0.00556 0.99444 86646   2803000 32.26
39      86403   498     0.00576 0.99424 86155   2716354 31.44
40      85905   516     0.00601 0.99399 85649   2630199 30.62
41      85389   537     0.00629 0.99371 85122   2544550 29.80
42      84852   563     0.00664 0.99336 84573   2459428 28.98
43      84289   601     0.00713 0.99287 83991   2374855 28.18
44      83688   637     0.00761 0.99239 83372   2290864 27.37
45      83051   664     0.00799 0.99201 82721   2207492 26.58
46      82387   689     0.00836 0.99164 82045   2124771 25.79
47      81698   728     0.00891 0.99109 81338   2042726 25.00
48      80970   776     0.00958 0.99042 80586   1961388 24.22
49      80194   828     0.01032 0.98968 79784   1880802 23.45
50      79366   883     0.01112 0.98888 78929   1801018 22.69
51      78483   943     0.01201 0.98799 78016   1722089 21.94
52      77540   1013    0.01306 0.98694 77039   1644073 21.20
53      76527   1092    0.01427 0.98573 75988   1567034 20.48
54      75435   1178    0.01562 0.98438 74853   1491046 19.77
55      74257   1269    0.01709 0.98291 73630   1416193 19.07
56      72988   1360    0.01864 0.98136 72316   1342563 18.39
57      71628   1453    0.02029 0.97971 70909   1270247 17.73
58      70175   1549    0.02207 0.97793 69408   1199338 17.09
59      68626   1645    0.02397 0.97603 67811   1129930 16.46
60      66981   1735    0.02590 0.97410 66120   1062119 15.86
61      65246   1814    0.02781 0.97219 64345   995999  15.27
62      63432   1886    0.02974 0.97026 62495   931654  14.69
63      61546   1952    0.03171 0.96829 60575   869159  14.12
64      59594   2012    0.03377 0.96623 58593   808584  13.57
65      57582   2077    0.03607 0.96393 56549   749991  13.02
66      55505   2146    0.03867 0.96133 54438   693442  12.49
67      53359   2212    0.04146 0.95854 52258   639004  11.98
68      51147   2271    0.04441 0.95559 50016   586746  11.47
69      48876   2324    0.04755 0.95245 47719   536730  10.98
70      46552   2370    0.05091 0.94909 45371   489011  10.50
71      44182   2408    0.05450 0.94550 42981   443640  10.04
72      41774   2442    0.05845 0.94155 40555   400659  9.59
73      39332   2462    0.06260 0.93740 38102   360104  9.16
74      36870   2471    0.06702 0.93298 35634   322002  8.73
75      34399   2465    0.07167 0.92833 33165   286368  8.32
76      31934   2457    0.07695 0.92305 30705   253203  7.93
77      29477   2432    0.08250 0.91750 28258   222498  7.55
78      27045   2393    0.08850 0.91150 25844   194240  7.18
79      24652   2340    0.09491 0.90509 23477   168396  6.83
80      22312   2269    0.10169 0.89831 21170   144919  6.50
81      20043   2180    0.10879 0.89121 18945   123749  6.17
82      17863   2076    0.11619 0.88381 16816   104804  5.87
83      15787   1956    0.12391 0.87609 14799   87988   5.57
84      13831   1840    0.13303 0.86697 12900   73189   5.29
85      11991   1686    0.14057 0.85943 11136   60289   5.03
86      10305   1541    0.14958 0.85042 9522    49153   4.77
87      8764    1394    0.15906 0.84094 8055    39631   4.52
88      7370    1247    0.16916 0.83084 6734    31576   4.28
89      6123    1101    0.17987 0.82013 5560    24842   4.06
90      5022    960     0.19113 0.80887 4530    19282   3.84
91      4062    824     0.20292 0.79708 3639    14752   3.63
92      3238    697     0.21537 0.78463 2879    11113   3.43
93      2541    581     0.22856 0.77144 2241    8234    3.24
94      1960    475     0.24260 0.75740 1714    5993    3.06
95      1485    382     0.25746 0.74254 1287    4279    2.88
96      1103    301     0.27328 0.72672 947     2992    2.71
97      802     233     0.29010 0.70990 680     2045    2.55
98      569     175     0.30772 0.69228 477     1365    2.40
99      394     129     0.32616 0.67384 326     888     2.25
100     265     92      0.34537 0.65463 216     562     2.12

