
Численность населения по ЦСК и по УГВИ для территории: Империя

1896 - 124,762,969
1897 - 126,220,670
1898 - 129,038,832
1899 - 132,299,188
1900 - 134,861,872
1901 - 137,300,754
1902 - 139,433,802
1903 - 141,069,494
1904 141,403,900 143,848,185
1905 143,980,100 145,954,605
1906 146,442,100 147,181,326
1907 149,084,000 150,319,390
1908 152,464,700 153,334,999
1909 157,079,500 157,185,556
1910 160,748,400 160,229,948
1911 163,919,000 164,190,147
1912 167,919,800 167,520,069
1913 170,902,900 170,768,546
1914 175,137,800 174,094,888
1915 178,905,500 162,511,162

Численность населения по ЦСК и по УГВИ для территории: 50 губерний Европейской России

1896 - 94,525,195
1897 - 94,393,883
1898 - 96,182,816
1899 - 98,510,497
1900 - 100,376,454
1901 - 102,079,134
1902 - 103,411,482
1903 - 104,772,794
1904 105,650,900 106,920,206
1905 107,625,800 108,023,116
1906 109,354,600 109,478,672
1907 111,279,500 111,252,311
1908 113,841,000 113,309,370
1909 116,505,500 115,741,402
1910 118,690,600 117,419,438
1911 120,588,000 119,521,177
1912 122,550,700 121,585,703
1913 124,615,800 123,770,088
1914 127,776,500 126,531,106
1915 130,709,000 126,519,283

Движение населения по ЦСК и по УГВИ для территории: 50 губерний Европейской России, поле births.total.both 

1897 4,692,621 4,695,199
1898 4,625,558 4,603,156
1899 4,764,678 4,733,264
1900 4,853,804 4,855,380
1901 4,801,190 5,002,545
1902 4,993,248 5,007,385
1903 4,978,305 4,971,337
1904 5,123,644 5,104,730
1905 4,830,252 4,810,476
1906 5,120,607 5,112,153
1907 5,258,711 5,240,002
1908 5,049,313 5,066,457
1909 5,130,913 5,106,895
1910 5,220,380 5,240,115
1911 5,265,665 5,299,886
1912 5,238,186 5,241,162
1913 5,452,276 5,250,677
1914 5,293,695 4,935,179

Движение населения по ЦСК и по УГВИ для территории: 50 губерний Европейской России, поле deaths.total.both 

1897 2,976,453 2,967,127
1898 3,156,303 3,148,842
1899 3,013,114 2,977,870
1900 3,055,030 3,037,501
1901 3,218,501 3,209,286
1902 3,204,333 3,208,623
1903 3,103,213 3,095,224
1904 3,153,146 3,141,559
1905 3,405,465 3,400,979
1906 3,253,579 3,264,797
1907 3,145,617 3,158,708
1908 3,191,928 3,200,938
1909 3,417,582 3,403,246
1910 3,657,171 3,664,585
1911 3,222,275 3,224,320
1912 3,186,062 3,176,097
1913 3,472,703 3,339,938
1914 3,266,693 3,008,835
