Расхождение между публиковавшимся УГВИ естественным приростом
и годовым изменением численности населения Империи

Естественный прирост и прирост населения Империи

1892 569,642 -153,738
1893 1,651,499 1,708,896
1894 1,714,539 1,825,867
1895 1,740,624 2,283,254
1896 1,999,378 1,435,645
1897 2,187,107 2,796,677
1898 1,891,243 3,231,242
1899 2,177,148 2,546,968
1900 2,277,603 2,413,956
1901 2,302,540 2,120,640
1902 2,346,865 1,616,322
1903 2,452,565 2,748,857
1904 2,459,860 2,184,414
1905 1,850,129 1,238,961
1906 2,403,836 3,018,896
1907 2,690,577 2,857,980
1908 2,459,366 3,836,519
1909 2,309,920 3,057,334
1910 2,192,091 3,972,070
1911 2,779,502 3,290,517
1912 2,812,560 3,209,302
1913 2,496,453 3,291,729
1914 2,437,114 -11,488,674
