# # Таблица построена модулем rtss.rosbris1959.ExportMortalityTables по данным в РосБРИС для РСФСР 1983
# Возраст в годах, Числа доживающих до возраста х лет, Числа умирающих при переходе от возраста x к возрасту х+1 лет, Вероятность умереть в течение предстоящего года жизни, Вероятность дожить до возраста х+1 лет, Числа живущих в возрасте х лет, Числа прожитых человеколет, Средняя продолжительность предстоящей жизни
# x, lx, dx, qx, px, Lx, Tx, ex

0       100000  1752    0.01752 0.98249 99124   7342853 73.43
1       98248   310     0.00316 0.99684 98093   7243729 73.73
2       97938   89      0.00091 0.99909 97894   7145636 72.96
3       97849   43      0.00044 0.99956 97828   7047742 72.03
4       97806   32      0.00033 0.99967 97790   6949915 71.06
5       97774   33      0.00034 0.99966 97758   6852125 70.08
6       97741   38      0.00039 0.99961 97722   6754367 69.10
7       97703   44      0.00045 0.99955 97681   6656645 68.13
8       97659   47      0.00048 0.99952 97636   6558963 67.16
9       97612   44      0.00045 0.99955 97590   6461328 66.19
10      97568   38      0.00039 0.99961 97549   6363738 65.22
11      97530   33      0.00034 0.99966 97513   6266189 64.25
12      97497   30      0.00031 0.99969 97482   6168676 63.27
13      97467   30      0.00031 0.99969 97452   6071194 62.29
14      97437   33      0.00034 0.99966 97421   5973742 61.31
15      97404   39      0.00040 0.99960 97385   5876321 60.33
16      97365   47      0.00048 0.99952 97342   5778936 59.35
17      97318   55      0.00056 0.99944 97291   5681594 58.38
18      97263   62      0.00064 0.99936 97233   5584303 57.41
19      97201   67      0.00068 0.99932 97168   5487071 56.45
20      97134   68      0.00070 0.99930 97100   5389903 55.49
21      97066   68      0.00070 0.99930 97032   5292803 54.53
22      96998   68      0.00070 0.99930 96964   5195771 53.57
23      96930   68      0.00070 0.99930 96896   5098807 52.60
24      96862   70      0.00072 0.99928 96827   5001911 51.64
25      96792   74      0.00076 0.99924 96755   4905083 50.68
26      96718   78      0.00081 0.99919 96679   4808328 49.71
27      96640   84      0.00087 0.99913 96599   4711649 48.75
28      96556   92      0.00095 0.99905 96511   4615050 47.80
29      96464   100     0.00103 0.99897 96415   4518539 46.84
30      96364   108     0.00112 0.99888 96311   4422125 45.89
31      96256   117     0.00121 0.99879 96198   4325814 44.94
32      96139   125     0.00130 0.99870 96077   4229616 43.99
33      96014   132     0.00138 0.99862 95949   4133539 43.05
34      95882   140     0.00146 0.99854 95813   4037590 42.11
35      95742   147     0.00154 0.99846 95669   3941778 41.17
36      95595   157     0.00164 0.99836 95517   3846108 40.23
37      95438   169     0.00177 0.99823 95355   3750591 39.30
38      95269   184     0.00193 0.99807 95178   3655236 38.37
39      95085   203     0.00213 0.99787 94985   3560058 37.44
40      94882   225     0.00237 0.99763 94771   3465073 36.52
41      94657   248     0.00262 0.99738 94535   3370301 35.61
42      94409   271     0.00287 0.99713 94275   3275766 34.70
43      94138   291     0.00309 0.99691 93994   3181491 33.80
44      93847   309     0.00329 0.99671 93694   3087497 32.90
45      93538   325     0.00348 0.99652 93377   2993803 32.01
46      93213   343     0.00368 0.99632 93043   2900426 31.12
47      92870   366     0.00394 0.99606 92689   2807383 30.23
48      92504   396     0.00428 0.99572 92309   2714694 29.35
49      92108   433     0.00470 0.99530 91895   2622385 28.47
50      91675   479     0.00522 0.99478 91440   2530490 27.60
51      91196   529     0.00580 0.99420 90936   2439050 26.75
52      90667   580     0.00640 0.99360 90381   2348115 25.90
53      90087   630     0.00700 0.99300 89776   2257734 25.06
54      89457   677     0.00757 0.99243 89122   2167958 24.23
55      88780   722     0.00813 0.99187 88423   2078835 23.42
56      88058   766     0.00870 0.99130 87679   1990412 22.60
57      87292   814     0.00933 0.99067 86889   1902734 21.80
58      86478   869     0.01005 0.98995 86048   1815844 21.00
59      85609   933     0.01089 0.98911 85148   1729796 20.21
60      84676   1005    0.01187 0.98813 84180   1644648 19.42
61      83671   1087    0.01299 0.98701 83135   1560468 18.65
62      82584   1175    0.01423 0.98577 82004   1477333 17.89
63      81409   1271    0.01561 0.98439 80782   1395329 17.14
64      80138   1372    0.01712 0.98288 79461   1314547 16.40
65      78766   1479    0.01878 0.98122 78036   1235087 15.68
66      77287   1593    0.02062 0.97938 76500   1157051 14.97
67      75694   1715    0.02266 0.97734 74847   1080551 14.28
68      73979   1845    0.02495 0.97505 73068   1005704 13.59
69      72134   1984    0.02750 0.97250 71154   932636  12.93
70      70150   2130    0.03036 0.96964 69097   861482  12.28
71      68020   2282    0.03355 0.96645 66892   792385  11.65
72      65738   2438    0.03709 0.96291 64532   725493  11.04
73      63300   2597    0.04103 0.95897 62015   660961  10.44
74      60703   2758    0.04544 0.95456 59337   598946  9.87
75      57945   2920    0.05039 0.94961 56499   539608  9.31
76      55025   3082    0.05601 0.94399 53497   483110  8.78
77      51943   3242    0.06242 0.93758 50335   429612  8.27
78      48701   3395    0.06971 0.93029 47016   379277  7.79
79      45306   3530    0.07792 0.92208 43551   332262  7.33
80      41776   3635    0.08700 0.91300 39965   288711  6.91
81      38141   3689    0.09672 0.90328 36298   248746  6.52
82      34452   3679    0.10679 0.89321 32609   212447  6.17
83      30773   3598    0.11694 0.88306 28964   179839  5.84
84      27175   3448    0.12687 0.87313 25436   150874  5.55
85      23727   3236    0.13640 0.86360 22090   125438  5.29
86      20491   2981    0.14549 0.85451 18978   103349  5.04
87      17510   2698    0.15411 0.84589 16137   84371   4.82
88      14812   2404    0.16229 0.83771 13586   68234   4.61
89      12408   2110    0.17005 0.82995 11329   54648   4.40
90      10298   1828    0.17746 0.82254 9361    43319   4.21
91      8470    1564    0.18460 0.81540 7667    33958   4.01
92      6906    1323    0.19154 0.80846 6226    26291   3.81
93      5583    1108    0.19838 0.80162 5012    20066   3.59
94      4475    918     0.20522 0.79478 4001    15054   3.36
95      3557    755     0.21216 0.78784 3167    11052   3.11
96      2802    614     0.21927 0.78073 2484    7885    2.81
97      2188    496     0.22666 0.77334 1931    5401    2.47
98      1692    397     0.23440 0.76560 1486    3470    2.05
99      1295    314     0.24255 0.75745 1132    1984    1.53
100     981     246     0.25117 0.74883 853     853     0.87
