# # Таблица построена модулем rtss.rosbris1959.ExportMortalityTables по данным в РосБРИС для РСФСР 1983
# Возраст в годах, Числа доживающих до возраста х лет, Числа умирающих при переходе от возраста x к возрасту х+1 лет, Вероятность умереть в течение предстоящего года жизни, Вероятность дожить до возраста х+1 лет, Числа живущих в возрасте х лет, Числа прожитых человеколет, Средняя продолжительность предстоящей жизни
# x, lx, dx, qx, px, Lx, Tx, ex

0       100000  2360    0.02360 0.97640 98820   6201376 62.01
1       97640   385     0.00394 0.99606 97448   6102556 62.50
2       97255   108     0.00111 0.99889 97201   6005109 61.75
3       97147   54      0.00056 0.99944 97120   5907908 60.81
4       97093   44      0.00045 0.99955 97071   5810788 59.85
5       97049   50      0.00052 0.99948 97025   5713717 58.87
6       96999   65      0.00067 0.99933 96968   5616692 57.90
7       96934   82      0.00085 0.99915 96894   5519724 56.94
8       96852   90      0.00093 0.99907 96807   5422830 55.99
9       96762   83      0.00086 0.99914 96720   5326023 55.04
10      96679   69      0.00071 0.99929 96643   5229303 54.09
11      96610   57      0.00059 0.99941 96581   5132660 53.13
12      96553   52      0.00054 0.99946 96527   5036079 52.16
13      96501   53      0.00055 0.99945 96475   4939552 51.19
14      96448   64      0.00066 0.99934 96417   4843077 50.21
15      96384   84      0.00087 0.99913 96344   4746660 49.25
16      96300   117     0.00121 0.99879 96245   4650316 48.29
17      96183   158     0.00165 0.99835 96108   4554071 47.35
18      96025   203     0.00211 0.99789 95927   4457963 46.43
19      95822   239     0.00249 0.99751 95705   4362037 45.52
20      95583   260     0.00272 0.99728 95454   4266332 44.63
21      95323   271     0.00285 0.99715 95188   4170877 43.76
22      95052   279     0.00293 0.99707 94913   4075689 42.88
23      94773   288     0.00303 0.99697 94630   3980776 42.00
24      94485   301     0.00319 0.99681 94336   3886146 41.13
25      94184   321     0.00341 0.99659 94025   3791810 40.26
26      93863   345     0.00368 0.99632 93693   3697785 39.40
27      93518   372     0.00398 0.99602 93334   3604092 38.54
28      93146   401     0.00430 0.99570 92948   3510758 37.69
29      92745   428     0.00461 0.99539 92533   3417810 36.85
30      92317   452     0.00490 0.99510 92093   3325277 36.02
31      91865   472     0.00513 0.99487 91630   3233184 35.19
32      91393   485     0.00531 0.99469 91151   3141554 34.37
33      90908   494     0.00543 0.99457 90662   3050402 33.55
34      90414   499     0.00552 0.99448 90165   2959741 32.74
35      89915   507     0.00564 0.99436 89663   2869576 31.91
36      89408   523     0.00585 0.99415 89148   2779913 31.09
37      88885   550     0.00619 0.99381 88613   2690765 30.27
38      88335   592     0.00671 0.99329 88043   2602152 29.46
39      87743   650     0.00740 0.99260 87423   2514109 28.65
40      87093   719     0.00826 0.99174 86739   2426685 27.86
41      86374   790     0.00915 0.99085 85985   2339946 27.09
42      85584   852     0.00996 0.99004 85163   2253962 26.34
43      84732   899     0.01061 0.98939 84286   2168799 25.60
44      83833   928     0.01106 0.98894 83371   2084513 24.87
45      82905   945     0.01140 0.98860 82434   2001142 24.14
46      81960   964     0.01177 0.98823 81480   1918708 23.41
47      80996   996     0.01230 0.98770 80502   1837228 22.68
48      80000   1048    0.01310 0.98690 79481   1756727 21.96
49      78952   1121    0.01419 0.98581 78398   1677246 21.24
50      77831   1212    0.01557 0.98443 77233   1598847 20.54
51      76619   1310    0.01710 0.98290 75972   1521614 19.86
52      75309   1404    0.01864 0.98136 74614   1445642 19.20
53      73905   1483    0.02007 0.97993 73169   1371028 18.55
54      72422   1543    0.02131 0.97869 71655   1297859 17.92
55      70879   1587    0.02239 0.97761 70089   1226204 17.30
56      69292   1624    0.02344 0.97656 68483   1156115 16.68
57      67668   1665    0.02460 0.97540 66839   1087632 16.07
58      66003   1714    0.02597 0.97403 65151   1020793 15.47
59      64289   1776    0.02762 0.97238 63407   955642  14.86
60      62513   1851    0.02961 0.97039 61594   892235  14.27
61      60662   1935    0.03190 0.96810 59702   830641  13.69
62      58727   2025    0.03448 0.96552 57722   770940  13.13
63      56702   2116    0.03732 0.96268 55651   713217  12.58
64      54586   2203    0.04036 0.95964 53491   657566  12.05
65      52383   2283    0.04357 0.95643 51248   604075  11.53
66      50100   2349    0.04689 0.95311 48930   552827  11.03
67      47751   2401    0.05027 0.94973 46554   503897  10.55
68      45350   2436    0.05371 0.94629 44134   457342  10.08
69      42914   2456    0.05723 0.94277 41687   413208  9.63
70      40458   2465    0.06093 0.93907 39226   371521  9.18
71      37993   2468    0.06497 0.93503 36759   332295  8.75
72      35525   2470    0.06952 0.93048 34290   295536  8.32
73      33055   2470    0.07472 0.92528 31820   261246  7.90
74      30585   2467    0.08066 0.91934 29351   229426  7.50
75      28118   2457    0.08737 0.91263 26888   200075  7.12
76      25661   2432    0.09477 0.90523 24442   173187  6.75
77      23229   2387    0.10277 0.89723 22031   148745  6.40
78      20842   2319    0.11125 0.88875 19676   126714  6.08
79      18523   2224    0.12007 0.87993 17402   107038  5.78
80      16299   2105    0.12912 0.87088 15236   89636   5.50
81      14194   1963    0.13829 0.86171 13200   74401   5.24
82      12231   1804    0.14746 0.85254 11315   61201   5.00
83      10427   1632    0.15655 0.84345 9596    49885   4.78
84      8795    1455    0.16547 0.83453 8053    40289   4.58
85      7340    1279    0.17419 0.82581 6686    32236   4.39
86      6061    1107    0.18271 0.81729 5494    25550   4.22
87      4954    946     0.19103 0.80897 4468    20056   4.05
88      4008    798     0.19918 0.80082 3597    15588   3.89
89      3210    665     0.20718 0.79282 2867    11991   3.74
90      2545    547     0.21507 0.78493 2262    9124    3.59
91      1998    445     0.22288 0.77712 1768    6862    3.43
92      1553    358     0.23067 0.76933 1367    5094    3.28
93      1195    285     0.23847 0.76153 1047    3727    3.12
94      910     224     0.24633 0.75367 793     2680    2.94
95      686     174     0.25430 0.74570 595     1886    2.75
96      512     134     0.26242 0.73758 442     1291    2.52
97      378     102     0.27074 0.72926 325     849     2.25
98      276     77      0.27929 0.72071 236     525     1.90
99      199     57      0.28812 0.71188 169     289     1.45
100     142     42      0.29724 0.70276 120     120     0.84
