# age, male, female, both genders

Total        37,137,193      43,843,950      80,981,143
0            534,335         520,824         1,055,159
1            535,273         512,437         1,047,710
2            535,406         512,497         1,047,903
3            546,993         524,690         1,071,683
4            552,940         528,715         1,081,655
5            581,855         559,260         1,141,115
6            623,589         597,919         1,221,508
7            666,486         643,433         1,309,919
8            704,114         676,845         1,380,959
9            724,988         697,597         1,422,585
10           722,933         697,397         1,420,330
11           719,377         697,054         1,416,431
12           722,453         699,374         1,421,827
13           693,747         674,620         1,368,367
14           720,694         699,742         1,420,436
15           784,956         766,291         1,551,247
16           777,416         759,935         1,537,351
17           832,311         853,670         1,685,981
18           879,373         897,615         1,776,988
19           893,840         857,877         1,751,717
20           976,078         912,276         1,888,354
21           767,067         777,071         1,544,138
22           771,995         764,823         1,536,818
23           732,762         715,495         1,448,257
24           452,086         435,538         887,624
25           354,829         337,977         692,806
26           304,262         293,009         597,271
27           421,685         424,392         846,077
28           714,105         714,830         1,428,935
29           743,015         741,281         1,484,296
30           859,943         882,694         1,742,637
31           864,552         888,886         1,753,438
32           892,468         912,283         1,804,751
33           708,912         736,801         1,445,713
34           633,107         655,455         1,288,562
35           528,779         552,964         1,081,743
36           496,943         521,922         1,018,865
37           597,452         643,332         1,240,784
38           607,112         633,684         1,240,796
39           683,190         724,405         1,407,595
40           704,981         759,512         1,464,493
41           724,533         793,672         1,518,205
42           724,126         765,654         1,489,780
43           633,013         746,998         1,380,011
44           504,269         704,267         1,208,536
45           435,404         687,711         1,123,115
46           359,038         614,190         973,228
47           298,117         528,246         826,363
48           272,108         440,890         712,998
49           252,592         402,030         654,622
50           256,738         409,219         665,957
51           299,915         472,992         772,907
52           214,530         335,305         549,835
53           227,394         368,712         596,106
54           276,348         446,686         723,034
55           334,139         568,179         902,318
56           312,591         514,271         826,862
57           314,938         553,250         868,188
58           282,606         470,660         753,266
59           275,161         502,724         777,885
60           252,583         461,089         713,672
61           227,427         439,377         666,804
62           225,061         430,290         655,351
63           205,169         405,971         611,140
64           183,065         386,629         569,694
65           174,279         378,717         552,996
66           154,018         350,285         504,303
67           136,283         343,234         479,517
68           103,198         274,310         377,508
69           111,005         342,197         453,202
70           94,299          247,930         342,229
71           83,797          231,063         314,860
72           78,029          213,489         291,518
73           70,629          198,924         269,553
74           65,839          181,804         247,643
75           58,138          162,281         220,419
76           51,621          141,589         193,210
77           43,546          125,879         169,425
78           36,885          104,343         141,228
79           31,818          99,559          131,377
80           25,638          89,552          115,190
81           27,424          92,354          119,778
82           20,365          70,613          90,978
83           16,524          59,947          76,471
84           13,925          51,125          65,050
85           11,869          44,664          56,533
86           8,793           34,299          43,092
87           7,219           28,702          35,921
88           5,090           19,741          24,831
89           4,210           17,877          22,087
90           2,937           12,902          15,839
91           1,712           8,682           10,394
92           1,551           6,771           8,322
93           1,024           5,032           6,056
94           783             3,948           4,731
95           525             3,007           3,532
96           448             2,399           2,847
97           386             1,901           2,287
98           246             1,294           1,540
99           240             1,392           1,632
100+         306             1,965           2,271
unknown      33,327          34,745          68,072
