# age, both genders, male, female

# Таблица построена дезагрегацией данных АДХ при помощи модуля rtss.data.population.synthetic.PopulationADH

0    3,784,854       1,909,343       1,875,511      
1    3,299,667       1,662,081       1,637,586      
2    2,900,000       1,457,690       1,442,310      
3    2,576,953       1,291,922       1,285,031      
4    2,318,599       1,158,984       1,159,615      
5    2,114,829       1,053,966       1,060,863      
6    1,957,264       972,794         984,470        
7    1,838,451       912,014         926,437        
8    1,775,023       879,681         895,342        
9    1,833,433       909,546         923,887        
10   2,021,319       1,006,202       1,015,117      
11   2,145,816       1,068,065       1,077,751      
12   2,237,862       1,111,316       1,126,546      
13   2,292,474       1,133,304       1,159,170      
14   2,309,529       1,134,114       1,175,415      
15   2,283,289       1,109,853       1,173,436      
16   2,245,823       1,083,275       1,162,548      
17   2,191,806       1,050,579       1,141,227      
18   2,122,144       1,012,337       1,109,807      
19   2,037,937       968,956         1,068,981      
20   1,933,459       918,455         1,015,004      
21   1,845,820       873,833         971,987        
22   1,767,965       832,604         935,361        
23   1,700,173       794,840         905,333        
24   1,641,583       760,268         881,315        
25   1,596,301       729,763         866,538        
26   1,538,637       697,323         841,314        
27   1,473,357       664,046         809,311        
28   1,400,273       629,856         770,417        
29   1,320,434       595,013         725,421        
30   1,228,011       557,558         670,453        
31   1,159,577       529,106         630,471        
32   1,107,504       507,188         600,316        
33   1,071,742       491,755         579,987        
34   1,051,166       482,393         568,773        
35   1,050,837       480,952         569,885        
36   1,039,869       476,079         563,790        
37   1,023,706       469,770         553,936        
38   1,001,871       461,839         540,032        
39   974,718         452,360         522,358        
40   940,534         441,028         499,506        
41   910,300         429,817         480,483        
42   881,996         418,387         463,609        
43   855,751         406,780         448,971        
44   831,420         394,989         436,431        
45   809,600         383,109         426,491        
46   786,502         370,633         415,869        
47   762,812         357,670         405,142        
48   738,477         344,225         394,252        
49   713,609         330,363         383,246        
50   687,396         315,642         371,754        
51   664,674         302,743         361,931        
52   644,490         291,131         353,359        
53   626,857         280,805         346,052        
54   611,583         271,679         339,904        
55   599,740         264,102         335,638        
56   584,741         255,787         328,954        
57   567,785         247,145         320,640        
58   548,807         238,148         310,659        
59   527,927         228,818         299,109        
60   504,733         219,099         285,634        
61   482,099         209,398         272,701        
62   459,519         199,647         259,872        
63   437,041         189,856         247,185        
64   414,609         180,001         234,608        
65   392,698         170,329         222,369        
66   368,537         159,437         209,100        
67   342,740         147,643         195,097        
68   315,368         134,986         180,382        
69   286,657         121,604         165,053        
70   255,711         106,967         148,744        
71   228,624         94,671          133,953        
72   203,958         83,847          120,111        
73   181,550         74,388          107,162        
74   161,157         66,127          95,030         
75   142,443         59,027          83,416         
76   125,854         52,417          73,437         
77   111,031         46,337          64,694         
78   97,774          40,715          57,059         
79   85,898          35,505          50,393         
80   75,248          30,579          44,669         
81   65,600          26,320          39,280         
82   56,834          22,562          34,272         
83   48,827          19,241          29,586         
84   41,491          16,298          25,193         
85   34,554          13,631          20,923         
86   28,922          11,440          17,482         
87   24,213          9,605           14,608         
88   20,296          8,075           12,221         
89   17,043          6,801           10,242         
90   14,346          5,743           8,603          
91   12,117          4,866           7,251          
92   10,284          4,144           6,140          
93   8,787           3,554           5,233          
94   7,576           3,075           4,501          
95   6,610           2,693           3,917          
96   5,858           2,395           3,463          
97   5,293           2,171           3,122          
98   4,898           2,014           2,884          
99   4,659           1,919           2,740          
100  4,543           1,873           2,670          
