# age, both genders, male, female

# Таблица построена дезагрегацией данных АДХ при помощи модуля rtss.data.population.synthetic.PopulationADH

0    3,082,060       1,542,173       1,539,887      
1    3,064,926       1,533,380       1,531,546      
2    3,047,791       1,524,587       1,523,204      
3    3,030,657       1,515,794       1,514,863      
4    3,013,523       1,507,001       1,506,522      
5    2,996,388       1,498,208       1,498,180      
6    2,919,317       1,458,890       1,460,427      
7    2,796,185       1,396,151       1,400,034      
8    2,627,692       1,310,366       1,317,326      
9    2,419,418       1,204,385       1,215,033      
10   2,147,806       1,066,397       1,081,409      
11   1,972,404       976,785         995,619        
12   1,858,186       917,813         940,373        
13   1,804,571       889,122         915,449        
14   1,808,032       888,882         919,150        
15   1,884,307       924,847         959,460        
16   1,945,824       953,464         992,360        
17   2,007,782       982,293         1,025,489      
18   2,068,611       1,010,554       1,058,057      
19   2,127,477       1,037,843       1,089,634      
20   2,192,921       1,068,299       1,124,622      
21   2,215,701       1,078,067       1,137,634      
22   2,203,839       1,071,060       1,132,779      
23   2,156,586       1,046,936       1,109,650      
24   2,075,953       1,006,639       1,069,314      
25   1,951,615       945,650         1,005,965      
26   1,852,390       894,638         957,752        
27   1,765,419       847,924         917,495        
28   1,691,379       805,823         885,556        
29   1,629,197       767,965         861,232        
30   1,583,148       735,239         847,909        
31   1,525,858       701,155         824,703        
32   1,462,317       666,863         795,454        
33   1,392,245       632,255         759,990        
34   1,316,433       597,489         718,944        
35   1,230,652       561,251         669,401        
36   1,161,602       531,229         630,373        
37   1,103,777       505,760         598,017        
38   1,057,105       484,770         572,335        
39   1,020,864       467,989         552,875        
40   996,841         456,003         540,838        
41   972,397         444,472         527,925        
42   949,690         434,119         515,571        
43   928,463         424,845         503,618        
44   908,609         416,561         492,048        
45   890,928         409,923         481,005        
46   870,616         401,012         469,604        
47   848,556         390,552         458,004        
48   824,705         378,511         446,194        
49   799,196         365,002         434,194        
50   771,353         349,478         421,875        
51   745,496         335,475         410,021        
52   720,813         322,330         398,483        
53   697,341         310,074         387,267        
54   674,998         298,644         376,354        
55   654,089         288,264         365,825        
56   632,584         277,424         355,160        
57   610,851         266,399         344,452        
58   588,863         255,168         333,695        
59   566,614         243,745         322,869        
60   544,277         232,100         312,177        
61   520,934         220,471         300,463        
62   496,782         208,818         287,964        
63   471,837         197,145         274,692        
64   446,169         185,466         260,703        
65   419,504         173,660         245,844        
66   393,678         162,426         231,252        
67   368,331         151,606         216,725        
68   343,463         141,187         202,276        
69   319,025         131,121         187,904        
70   295,116         121,555         173,561        
71   270,956         111,472         159,484        
72   246,691         101,083         145,608        
73   222,317         90,397          131,920        
74   197,919         79,492          118,427        
75   172,821         67,956          104,865        
76   151,030         58,391          92,639         
77   131,435         50,083          81,352         
78   113,809         42,897          70,912         
79   97,904          36,673          61,231         
80   83,249          31,251          51,998         
81   70,956          26,618          44,338         
82   60,451          22,639          37,812         
83   51,492          19,218          32,274         
84   43,852          16,273          27,579         
85   37,323          13,713          23,610         
86   31,801          11,577          20,224         
87   27,125          9,781           17,344         
88   23,172          8,274           14,898         
89   19,838          7,014           12,824         
90   17,033          5,961           11,072         
91   14,681          5,085           9,596          
92   12,721          4,360           8,361          
93   11,099          3,764           7,335          
94   9,772           3,280           6,492          
95   8,701           2,891           5,810          
96   7,859           2,587           5,272          
97   7,224           2,359           4,865          
98   6,777           2,199           4,578          
99   6,503           2,101           4,402          
100  6,372           2,054           4,318          
