# Таблица построена по данным АДХ-РСФСР модулем rtss.data.mortality.synthetic.MortalityTableADH
# Возраст в годах, Числа доживающих до возраста х лет, Числа умирающих при переходе от возраста x к возрасту х+1 лет, Вероятность умереть в течение предстоящего года жизни, Вероятность дожить до возраста х+1 лет, Числа живущих в возрасте х лет, Числа прожитых человеколет, Средняя продолжительность предстоящей жизни
# x, lx, dx, qx, px, Lx, Tx, ex

0       100000  6144    0.06144 0.93856 96928   6526916 65.27
1       93856   1428    0.01522 0.98478 93142   6429988 68.51
2       92428   477     0.00516 0.99484 92190   6336846 68.56
3       91951   230     0.00250 0.99750 91836   6244656 67.91
4       91721   153     0.00167 0.99833 91645   6152820 67.08
5       91568   129     0.00141 0.99859 91502   6061176 66.19
6       91439   123     0.00134 0.99866 91377   5969673 65.29
7       91316   121     0.00133 0.99867 91255   5878296 64.37
8       91195   118     0.00129 0.99871 91136   5787041 63.46
9       91077   110     0.00121 0.99879 91021   5695905 62.54
10      90967   100     0.00110 0.99890 90916   5604884 61.61
11      90867   92      0.00101 0.99899 90820   5513968 60.68
12      90775   87      0.00096 0.99904 90731   5423147 59.74
13      90688   86      0.00095 0.99905 90645   5332416 58.80
14      90602   89      0.00099 0.99901 90558   5241771 57.85
15      90513   97      0.00107 0.99893 90465   5151213 56.91
16      90416   107     0.00119 0.99881 90363   5060748 55.97
17      90309   120     0.00133 0.99867 90250   4970384 55.04
18      90189   135     0.00149 0.99851 90123   4880134 54.11
19      90054   150     0.00166 0.99834 89980   4790011 53.19
20      89904   163     0.00181 0.99819 89824   4700031 52.28
21      89741   175     0.00195 0.99805 89654   4610208 51.37
22      89566   186     0.00208 0.99792 89474   4520553 50.47
23      89380   195     0.00218 0.99782 89283   4431079 49.58
24      89185   202     0.00226 0.99774 89084   4341796 48.68
25      88983   206     0.00231 0.99769 88880   4252712 47.79
26      88777   211     0.00238 0.99762 88672   4163831 46.90
27      88566   217     0.00246 0.99754 88458   4075159 46.01
28      88349   225     0.00254 0.99746 88237   3986701 45.12
29      88124   233     0.00264 0.99736 88008   3898464 44.24
30      87891   227     0.00259 0.99741 87778   3810457 43.35
31      87664   237     0.00271 0.99729 87546   3722679 42.47
32      87427   248     0.00284 0.99716 87304   3635133 41.58
33      87179   259     0.00297 0.99703 87050   3547829 40.70
34      86920   270     0.00310 0.99690 86786   3460778 39.82
35      86650   277     0.00320 0.99680 86512   3373993 38.94
36      86373   289     0.00334 0.99666 86229   3287480 38.06
37      86084   300     0.00349 0.99651 85935   3201251 37.19
38      85784   313     0.00365 0.99635 85629   3115316 36.32
39      85471   327     0.00382 0.99618 85309   3029687 35.45
40      85144   338     0.00397 0.99603 84976   2944379 34.58
41      84806   353     0.00416 0.99584 84631   2859403 33.72
42      84453   369     0.00437 0.99563 84270   2774772 32.86
43      84084   386     0.00459 0.99541 83893   2690502 32.00
44      83698   405     0.00484 0.99516 83497   2606609 31.14
45      83293   425     0.00510 0.99490 83082   2523112 30.29
46      82868   450     0.00543 0.99457 82645   2440030 29.44
47      82418   482     0.00584 0.99416 82180   2357384 28.60
48      81936   520     0.00634 0.99366 81679   2275205 27.77
49      81416   565     0.00694 0.99306 81137   2193525 26.94
50      80851   596     0.00737 0.99263 80557   2112388 26.13
51      80255   649     0.00808 0.99192 79935   2031832 25.32
52      79606   704     0.00884 0.99116 79259   1951897 24.52
53      78902   758     0.00961 0.99039 78527   1872638 23.73
54      78144   811     0.01038 0.98962 77742   1794111 22.96
55      77333   852     0.01101 0.98899 76911   1716369 22.19
56      76481   905     0.01183 0.98817 76033   1639458 21.44
57      75576   962     0.01273 0.98727 75100   1563425 20.69
58      74614   1025    0.01374 0.98626 74107   1488325 19.95
59      73589   1095    0.01487 0.98513 73048   1414218 19.22
60      72494   1182    0.01630 0.98370 71910   1341169 18.50
61      71312   1262    0.01770 0.98230 70688   1269260 17.80
62      70050   1346    0.01922 0.98078 69384   1198572 17.11
63      68704   1432    0.02084 0.97916 67995   1129188 16.44
64      67272   1519    0.02259 0.97741 66519   1061192 15.77
65      65753   1585    0.02410 0.97590 64967   994673  15.13
66      64168   1680    0.02617 0.97383 63336   929706  14.49
67      62488   1780    0.02848 0.97152 61607   866370  13.86
68      60708   1886    0.03106 0.96894 59774   804764  13.26
69      58822   1996    0.03394 0.96606 57833   744990  12.67
70      56826   2097    0.03690 0.96310 55786   687157  12.09
71      54729   2208    0.04035 0.95965 53634   631370  11.54
72      52521   2314    0.04407 0.95593 51373   577736  11.00
73      50207   2413    0.04806 0.95194 49008   526364  10.48
74      47794   2503    0.05237 0.94763 46549   477356  9.99
75      45291   2572    0.05679 0.94321 44011   430806  9.51
76      42719   2649    0.06200 0.93800 41401   386795  9.05
77      40070   2718    0.06783 0.93217 38716   345395  8.62
78      37352   2776    0.07432 0.92568 35968   306678  8.21
79      34576   2817    0.08147 0.91853 33169   270710  7.83
80      31759   2816    0.08868 0.91132 30350   237541  7.48
81      28943   2794    0.09653 0.90347 27542   207191  7.16
82      26149   2727    0.10429 0.89571 24778   179649  6.87
83      23422   2615    0.11164 0.88836 22103   154871  6.61
84      20807   2462    0.11834 0.88166 19561   132767  6.38
85      18345   2244    0.12230 0.87770 17206   113207  6.17
86      16101   2051    0.12738 0.87262 15059   96001   5.96
87      14050   1852    0.13181 0.86819 13108   80942   5.76
88      12198   1655    0.13567 0.86433 11354   67834   5.56
89      10543   1466    0.13906 0.86094 9795    56480   5.36
90      9077    1290    0.14209 0.85791 8418    46685   5.14
91      7787    1128    0.14488 0.85512 7210    38267   4.91
92      6659    982     0.14753 0.85247 6157    31057   4.66
93      5677    852     0.15015 0.84985 5241    24900   4.39
94      4825    737     0.15283 0.84717 4448    19660   4.07
95      4088    636     0.15565 0.84435 3762    15212   3.72
96      3452    548     0.15868 0.84132 3171    11450   3.32
97      2904    470     0.16200 0.83800 2663    8279    2.85
98      2434    403     0.16566 0.83434 2227    5616    2.31
99      2031    345     0.16969 0.83031 1854    3389    1.67
100     1686    294     0.17412 0.82588 1535    1535    0.91
