# # Таблица построена модулем rtss.rosbris1959.ExportMortalityTables по данным в РосБРИС для РСФСР 2005
# Возраст в годах, Числа доживающих до возраста х лет, Числа умирающих при переходе от возраста x к возрасту х+1 лет, Вероятность умереть в течение предстоящего года жизни, Вероятность дожить до возраста х+1 лет, Числа живущих в возрасте х лет, Числа прожитых человеколет, Средняя продолжительность предстоящей жизни
# x, lx, dx, qx, px, Lx, Tx, ex

0       100000  1060    0.01060 0.98940 99470   7107072 71.07
1       98940   152     0.00154 0.99846 98864   7007602 70.83
2       98788   86      0.00087 0.99913 98745   6908738 69.93
3       98702   60      0.00061 0.99939 98672   6809993 69.00
4       98642   57      0.00058 0.99942 98614   6711321 68.04
5       98585   45      0.00046 0.99954 98562   6612708 67.08
6       98540   47      0.00048 0.99952 98516   6514145 66.11
7       98493   37      0.00037 0.99963 98474   6415629 65.14
8       98456   35      0.00035 0.99965 98438   6317155 64.16
9       98421   29      0.00030 0.99970 98406   6218717 63.18
10      98392   28      0.00028 0.99972 98378   6120311 62.20
11      98364   24      0.00024 0.99976 98352   6021933 61.22
12      98340   29      0.00029 0.99971 98326   5923581 60.24
13      98311   33      0.00034 0.99966 98295   5825255 59.25
14      98278   48      0.00049 0.99951 98255   5726960 58.27
15      98230   63      0.00064 0.99936 98200   5628705 57.30
16      98167   73      0.00074 0.99926 98132   5530505 56.34
17      98094   96      0.00098 0.99902 98047   5432373 55.38
18      97998   99      0.00101 0.99899 97950   5334326 54.43
19      97899   121     0.00124 0.99876 97839   5236377 53.49
20      97778   119     0.00122 0.99878 97719   5138537 52.55
21      97659   123     0.00126 0.99874 97597   5040819 51.62
22      97536   117     0.00120 0.99880 97478   4943221 50.68
23      97419   135     0.00138 0.99862 97353   4845743 49.74
24      97284   149     0.00154 0.99846 97210   4748390 48.81
25      97135   141     0.00146 0.99854 97065   4651181 47.88
26      96994   166     0.00171 0.99829 96913   4554116 46.95
27      96828   180     0.00186 0.99814 96740   4457203 46.03
28      96648   205     0.00213 0.99787 96547   4360463 45.12
29      96443   210     0.00218 0.99782 96339   4263917 44.21
30      96233   220     0.00228 0.99772 96123   4167578 43.31
31      96013   220     0.00229 0.99771 95904   4071454 42.41
32      95793   242     0.00253 0.99747 95672   3975551 41.50
33      95551   230     0.00241 0.99759 95437   3879878 40.61
34      95321   259     0.00272 0.99728 95193   3784441 39.70
35      95062   267     0.00280 0.99720 94930   3689248 38.81
36      94795   292     0.00308 0.99692 94650   3594319 37.92
37      94503   296     0.00314 0.99686 94356   3499668 37.03
38      94207   311     0.00331 0.99669 94052   3405313 36.15
39      93896   315     0.00336 0.99664 93741   3311260 35.27
40      93581   363     0.00388 0.99612 93401   3217520 34.38
41      93218   357     0.00383 0.99617 93041   3124118 33.51
42      92861   398     0.00429 0.99571 92665   3031077 32.64
43      92463   431     0.00466 0.99534 92251   2938412 31.78
44      92032   477     0.00518 0.99482 91796   2846161 30.93
45      91555   484     0.00529 0.99471 91316   2754366 30.08
46      91071   537     0.00590 0.99410 90806   2663050 29.24
47      90534   579     0.00639 0.99361 90247   2572244 28.41
48      89955   608     0.00676 0.99324 89653   2481996 27.59
49      89347   630     0.00706 0.99294 89037   2392343 26.78
50      88717   722     0.00814 0.99186 88361   2303306 25.96
51      87995   748     0.00850 0.99150 87625   2214946 25.17
52      87247   829     0.00951 0.99049 86838   2127320 24.38
53      86418   873     0.01010 0.98990 85984   2040482 23.61
54      85545   884     0.01033 0.98967 85111   1954499 22.85
55      84661   1060    0.01252 0.98748 84143   1869388 22.08
56      83601   1173    0.01403 0.98597 83014   1785245 21.35
57      82428   1042    0.01265 0.98735 81911   1702231 20.65
58      81386   1263    0.01552 0.98448 80760   1620320 19.91
59      80123   1164    0.01452 0.98548 79545   1539561 19.21
60      78959   1347    0.01706 0.98294 78295   1460016 18.49
61      77612   1399    0.01802 0.98198 76910   1381721 17.80
62      76213   1293    0.01697 0.98303 75574   1304811 17.12
63      74920   1576    0.02103 0.97897 74140   1229237 16.41
64      73344   1483    0.02022 0.97978 72601   1155097 15.75
65      71861   1551    0.02158 0.97842 71094   1082495 15.06
66      70310   1689    0.02403 0.97597 69472   1011401 14.38
67      68621   1697    0.02474 0.97526 67781   941930  13.73
68      66924   1894    0.02831 0.97169 65990   874149  13.06
69      65030   2015    0.03098 0.96902 64033   808158  12.43
70      63015   2139    0.03395 0.96605 61951   744126  11.81
71      60876   2155    0.03539 0.96461 59807   682174  11.21
72      58721   2342    0.03988 0.96012 57564   622367  10.60
73      56379   2494    0.04424 0.95576 55141   564803  10.02
74      53885   2559    0.04749 0.95251 52615   509662  9.46
75      51326   2716    0.05292 0.94708 49980   457048  8.90
76      48610   2848    0.05860 0.94140 47199   407067  8.37
77      45762   3033    0.06629 0.93371 44255   359868  7.86
78      42729   3087    0.07224 0.92776 41195   315613  7.39
79      39642   3250    0.08198 0.91802 38024   274418  6.92
80      36392   3254    0.08942 0.91058 34772   236394  6.50
81      33138   3419    0.10317 0.89683 31423   201622  6.08
82      29719   3125    0.10516 0.89484 28151   170199  5.73
83      26594   3285    0.12352 0.87648 24949   142048  5.34
84      23309   3068    0.13162 0.86838 21765   117099  5.02
85      20241   3044    0.15040 0.84960 18708   95334   4.71
86      17197   2802    0.16295 0.83705 15770   76626   4.46
87      14395   2431    0.16890 0.83110 13154   60856   4.23
88      11964   2197    0.18361 0.81639 10842   47701   3.99
89      9767    1867    0.19116 0.80884 8809    36859   3.77
90      7900    1609    0.20366 0.79634 7064    28050   3.55
91      6291    1121    0.17822 0.82178 5701    20986   3.34
92      5170    890     0.17220 0.82780 4718    15286   2.96
93      4280    951     0.22226 0.77774 3801    10568   2.47
94      3329    811     0.24356 0.75644 2932    6766    2.03
95      2518    1157    0.45954 0.54046 1934    3834    1.52
96      1361    688     0.50529 0.49471 983     1900    1.40
97      673     334     0.49673 0.50327 485     917     1.36
98      339     173     0.50919 0.49081 242     433     1.28
99      166     80      0.48319 0.51681 120     191     1.15
100     86      25      0.28926 0.71074 71      71      0.82
