# # Таблица построена модулем rtss.rosbris1959.ExportMortalityTables по данным в РосБРИС для РСФСР 2005
# Возраст в годах, Числа доживающих до возраста х лет, Числа умирающих при переходе от возраста x к возрасту х+1 лет, Вероятность умереть в течение предстоящего года жизни, Вероятность дожить до возраста х+1 лет, Числа живущих в возрасте х лет, Числа прожитых человеколет, Средняя продолжительность предстоящей жизни
# x, lx, dx, qx, px, Lx, Tx, ex

0       100000  872     0.00872 0.99128 99564   7299690 73.00
1       99128   90      0.00091 0.99909 99083   7200126 72.63
2       99038   49      0.00049 0.99951 99014   7101043 71.70
3       98989   40      0.00041 0.99959 98969   7002030 70.74
4       98949   38      0.00038 0.99962 98930   6903061 69.76
5       98911   31      0.00031 0.99969 98895   6804131 68.79
6       98880   29      0.00029 0.99971 98865   6705236 67.81
7       98851   27      0.00027 0.99973 98837   6606370 66.83
8       98824   27      0.00028 0.99972 98810   6507533 65.85
9       98797   24      0.00025 0.99975 98785   6408723 64.87
10      98773   24      0.00024 0.99976 98761   6309938 63.88
11      98749   22      0.00022 0.99978 98738   6211177 62.90
12      98727   21      0.00021 0.99979 98717   6112439 61.91
13      98706   25      0.00026 0.99974 98694   6013722 60.93
14      98681   35      0.00035 0.99965 98664   5915028 59.94
15      98646   44      0.00045 0.99955 98625   5816364 58.96
16      98602   51      0.00052 0.99948 98577   5717739 57.99
17      98551   63      0.00064 0.99936 98520   5619162 57.02
18      98488   63      0.00064 0.99936 98457   5520642 56.05
19      98425   68      0.00069 0.99931 98392   5422185 55.09
20      98357   76      0.00077 0.99923 98320   5323794 54.13
21      98281   80      0.00082 0.99918 98242   5225474 53.17
22      98201   96      0.00098 0.99902 98154   5127232 52.21
23      98105   108     0.00110 0.99890 98052   5029078 51.26
24      97997   115     0.00117 0.99883 97940   4931026 50.32
25      97882   131     0.00134 0.99866 97818   4833086 49.38
26      97751   139     0.00143 0.99857 97682   4735268 48.44
27      97612   147     0.00151 0.99849 97540   4637586 47.51
28      97465   164     0.00168 0.99832 97384   4540047 46.58
29      97301   171     0.00175 0.99825 97217   4442663 45.66
30      97130   194     0.00199 0.99801 97034   4345446 44.74
31      96936   189     0.00195 0.99805 96842   4248412 43.83
32      96747   202     0.00209 0.99791 96647   4151570 42.91
33      96545   220     0.00228 0.99772 96436   4054923 42.00
34      96325   221     0.00229 0.99771 96216   3958487 41.10
35      96104   260     0.00270 0.99730 95976   3862271 40.19
36      95844   257     0.00268 0.99732 95716   3766296 39.30
37      95587   275     0.00288 0.99712 95451   3670580 38.40
38      95312   283     0.00297 0.99703 95171   3575129 37.51
39      95029   295     0.00310 0.99690 94885   3479958 36.62
40      94734   356     0.00376 0.99624 94557   3385073 35.73
41      94378   330     0.00350 0.99650 94213   3290516 34.87
42      94048   358     0.00381 0.99619 93871   3196303 33.99
43      93690   381     0.00407 0.99593 93501   3102431 33.11
44      93309   400     0.00429 0.99571 93112   3008930 32.25
45      92909   449     0.00483 0.99517 92687   2915818 31.38
46      92460   453     0.00490 0.99510 92235   2823132 30.53
47      92007   478     0.00520 0.99480 91770   2730897 29.68
48      91529   505     0.00552 0.99448 91280   2639127 28.83
49      91024   553     0.00608 0.99392 90753   2547847 27.99
50      90471   636     0.00703 0.99297 90157   2457094 27.16
51      89835   649     0.00722 0.99278 89512   2366937 26.35
52      89186   669     0.00750 0.99250 88855   2277425 25.54
53      88517   721     0.00815 0.99185 88160   2188571 24.72
54      87796   746     0.00850 0.99150 87430   2100411 23.92
55      87050   877     0.01007 0.98993 86620   2012982 23.12
56      86173   943     0.01094 0.98906 85701   1926362 22.35
57      85230   860     0.01009 0.98991 84805   1840661 21.60
58      84370   1067    0.01265 0.98735 83841   1755856 20.81
59      83303   964     0.01158 0.98842 82823   1672015 20.07
60      82339   1113    0.01352 0.98648 81789   1589192 19.30
61      81226   1123    0.01383 0.98617 80663   1507403 18.56
62      80103   1068    0.01333 0.98667 79578   1426740 17.81
63      79035   1344    0.01701 0.98299 78372   1347162 17.05
64      77691   1284    0.01653 0.98347 77052   1268790 16.33
65      76407   1413    0.01849 0.98151 75712   1191738 15.60
66      74994   1568    0.02091 0.97909 74216   1116026 14.88
67      73426   1564    0.02129 0.97871 72652   1041810 14.19
68      71862   1767    0.02458 0.97542 70995   969157  13.49
69      70095   1958    0.02794 0.97206 69129   898163  12.81
70      68137   2081    0.03055 0.96945 67104   829033  12.17
71      66056   2138    0.03236 0.96764 64999   761929  11.53
72      63918   2379    0.03723 0.96277 62746   696930  10.90
73      61539   2563    0.04165 0.95835 60270   634184  10.31
74      58976   2681    0.04546 0.95454 57649   573914  9.73
75      56295   2879    0.05113 0.94887 54870   516265  9.17
76      53416   3034    0.05680 0.94320 51912   461395  8.64
77      50382   3185    0.06322 0.93678 48801   409483  8.13
78      47197   3306    0.07005 0.92995 45552   360682  7.64
79      43891   3379    0.07698 0.92302 42208   315130  7.18
80      40512   3455    0.08527 0.91473 38791   272923  6.74
81      37057   3545    0.09567 0.90433 35279   234131  6.32
82      33512   3326    0.09925 0.90075 31844   198852  5.93
83      30186   3436    0.11383 0.88617 28466   167008  5.53
84      26750   3280    0.12261 0.87739 25102   138541  5.18
85      23470   3239    0.13802 0.86198 21842   113440  4.83
86      20231   3085    0.15249 0.84751 18665   91597   4.53
87      17146   2682    0.15644 0.84356 15782   72932   4.25
88      14464   2535    0.17529 0.82471 13176   57150   3.95
89      11929   2199    0.18435 0.81565 10806   43974   3.69
90      9730    1965    0.20190 0.79810 8722    33168   3.41
91      7765    1578    0.20327 0.79673 6950    24446   3.15
92      6187    1336    0.21601 0.78399 5502    17496   2.83
93      4851    1181    0.24343 0.75657 4246    11994   2.47
94      3670    994     0.27087 0.72913 3171    7748    2.11
95      2676    1136    0.42444 0.57556 2095    4577    1.71
96      1540    687     0.44625 0.55375 1165    2481    1.61
97      853     383     0.44889 0.55111 642     1316    1.54
98      470     213     0.45297 0.54703 352     674     1.43
99      257     108     0.42100 0.57900 196     322     1.25
100     149     38      0.25458 0.74542 127     127     0.85
