# # Таблица построена модулем rtss.rosbris1959.ExportMortalityTables по данным в РосБРИС для РСФСР 2005
# Возраст в годах, Числа доживающих до возраста х лет, Числа умирающих при переходе от возраста x к возрасту х+1 лет, Вероятность умереть в течение предстоящего года жизни, Вероятность дожить до возраста х+1 лет, Числа живущих в возрасте х лет, Числа прожитых человеколет, Средняя продолжительность предстоящей жизни
# x, lx, dx, qx, px, Lx, Tx, ex

0       100000  1180    0.01180 0.98820 99410   5958896 59.59
1       98820   102     0.00103 0.99897 98769   5859486 59.29
2       98718   66      0.00067 0.99933 98685   5760717 58.36
3       98652   53      0.00054 0.99946 98626   5662032 57.39
4       98599   50      0.00051 0.99949 98574   5563406 56.42
5       98549   38      0.00039 0.99961 98530   5464832 55.45
6       98511   45      0.00045 0.99955 98488   5366302 54.47
7       98466   35      0.00035 0.99965 98448   5267814 53.50
8       98431   39      0.00040 0.99960 98412   5169366 52.52
9       98392   36      0.00036 0.99964 98374   5070954 51.54
10      98356   36      0.00037 0.99963 98338   4972580 50.56
11      98320   35      0.00036 0.99964 98303   4874242 49.58
12      98285   44      0.00045 0.99955 98263   4775939 48.59
13      98241   45      0.00046 0.99954 98219   4677676 47.61
14      98196   60      0.00061 0.99939 98167   4579457 46.64
15      98136   76      0.00078 0.99922 98100   4481290 45.66
16      98060   105     0.00107 0.99893 98010   4383190 44.70
17      97955   129     0.00132 0.99868 97893   4285180 43.75
18      97826   176     0.00180 0.99820 97741   4187286 42.80
19      97650   198     0.00203 0.99797 97554   4089546 41.88
20      97452   245     0.00252 0.99748 97333   3991992 40.96
21      97207   287     0.00295 0.99705 97067   3894659 40.07
22      96920   338     0.00349 0.99651 96756   3797591 39.18
23      96582   398     0.00412 0.99588 96388   3700836 38.32
24      96184   446     0.00464 0.99536 95966   3604448 37.47
25      95738   520     0.00544 0.99456 95483   3508482 36.65
26      95218   555     0.00583 0.99417 94944   3412999 35.84
27      94663   592     0.00626 0.99374 94370   3318056 35.05
28      94071   631     0.00670 0.99330 93758   3223686 34.27
29      93440   644     0.00689 0.99311 93123   3129928 33.50
30      92796   740     0.00798 0.99202 92428   3036806 32.73
31      92056   692     0.00752 0.99248 91709   2944378 31.98
32      91364   720     0.00788 0.99212 91005   2852668 31.22
33      90644   725     0.00800 0.99200 90281   2761663 30.47
34      89919   709     0.00789 0.99211 89569   2671382 29.71
35      89210   825     0.00925 0.99075 88802   2581813 28.94
36      88385   812     0.00919 0.99081 87980   2493011 28.21
37      87573   844     0.00964 0.99036 87154   2405032 27.46
38      86729   895     0.01032 0.98968 86285   2317877 26.73
39      85834   922     0.01075 0.98925 85384   2231593 26.00
40      84912   1163    0.01370 0.98630 84336   2146208 25.28
41      83749   1061    0.01267 0.98733 83216   2061872 24.62
42      82688   1096    0.01326 0.98674 82145   1978656 23.93
43      81592   1183    0.01450 0.98550 81004   1896511 23.24
44      80409   1191    0.01482 0.98518 79822   1815507 22.58
45      79218   1392    0.01757 0.98243 78529   1735685 21.91
46      77826   1362    0.01751 0.98249 77146   1657155 21.29
47      76464   1419    0.01856 0.98144 75759   1580009 20.66
48      75045   1470    0.01959 0.98041 74314   1504250 20.04
49      73575   1517    0.02062 0.97938 72834   1429936 19.44
50      72058   1890    0.02623 0.97377 71121   1357102 18.83
51      70168   1700    0.02423 0.97577 69311   1285982 18.33
52      68468   1712    0.02500 0.97500 67615   1216671 17.77
53      66756   1766    0.02646 0.97354 65875   1149056 17.21
54      64990   1763    0.02713 0.97287 64116   1083181 16.67
55      63227   1935    0.03060 0.96940 62269   1019066 16.12
56      61292   1989    0.03245 0.96755 60290   956797  15.61
57      59303   1759    0.02966 0.97034 58428   896507  15.12
58      57544   2089    0.03630 0.96370 56503   838079  14.56
59      55455   1854    0.03343 0.96657 54533   781575  14.09
60      53601   2210    0.04123 0.95877 52505   727042  13.56
61      51391   2074    0.04035 0.95965 50339   674537  13.13
62      49317   1839    0.03730 0.96270 48405   624199  12.66
63      47478   2265    0.04771 0.95229 46353   575793  12.13
64      45213   2009    0.04444 0.95556 44203   529441  11.71
65      43204   2127    0.04923 0.95077 42149   485238  11.23
66      41077   2214    0.05389 0.94611 39967   443089  10.79
67      38863   2061    0.05304 0.94696 37829   403122  10.37
68      36802   2129    0.05784 0.94216 35741   365293  9.93
69      34673   2143    0.06182 0.93818 33605   329552  9.50
70      32530   2207    0.06785 0.93215 31424   295947  9.10
71      30323   2084    0.06871 0.93129 29276   264523  8.72
72      28239   2088    0.07396 0.92604 27196   235247  8.33
73      26151   2110    0.08068 0.91932 25093   208051  7.96
74      24041   2005    0.08340 0.91660 23034   182958  7.61
75      22036   2012    0.09133 0.90867 21028   159924  7.26
76      20024   1963    0.09801 0.90199 19038   138896  6.94
77      18061   1895    0.10494 0.89506 17105   119858  6.64
78      16166   1763    0.10907 0.89093 15274   102753  6.36
79      14403   1641    0.11394 0.88606 13572   87479   6.07
80      12762   1517    0.11885 0.88115 11997   73907   5.79
81      11245   1480    0.13160 0.86840 10494   61910   5.51
82      9765    1253    0.12831 0.87169 9126    51416   5.27
83      8512    1178    0.13844 0.86156 7917    42290   4.97
84      7334    1099    0.14991 0.85009 6779    34373   4.69
85      6235    1035    0.16599 0.83401 5710    27595   4.43
86      5200    924     0.17767 0.82233 4727    21885   4.21
87      4276    767     0.17942 0.82058 3882    17158   4.01
88      3509    664     0.18936 0.81064 3169    13276   3.78
89      2845    570     0.20024 0.79976 2551    10107   3.55
90      2275    457     0.20066 0.79934 2040    7556    3.32
91      1818    403     0.22140 0.77860 1612    5516    3.03
92      1415    349     0.24676 0.75324 1236    3904    2.76
93      1066    292     0.27371 0.72629 915     2669    2.50
94      774     228     0.29455 0.70545 656     1754    2.27
95      546     190     0.34855 0.65145 448     1098    2.01
96      356     146     0.40975 0.59025 279     650     1.83
97      210     89      0.42162 0.57838 161     371     1.77
98      121     43      0.35484 0.64516 97      210     1.74
99      78      24      0.30589 0.69411 65      113     1.45
100     54      9       0.17239 0.82761 49      49      0.90
