# Таблица построена по данным АДХ-РСФСР модулем rtss.data.mortality.synthetic.MortalityTableADH
# Возраст в годах, Числа доживающих до возраста х лет, Числа умирающих при переходе от возраста x к возрасту х+1 лет, Вероятность умереть в течение предстоящего года жизни, Вероятность дожить до возраста х+1 лет, Числа живущих в возрасте х лет, Числа прожитых человеколет, Средняя продолжительность предстоящей жизни
# x, lx, dx, qx, px, Lx, Tx, ex

0       100000  4720    0.04720 0.95280 97640   7044326 70.44
1       95280   954     0.01001 0.98999 94803   6946686 72.91
2       94326   292     0.00310 0.99690 94180   6851883 72.64
3       94034   138     0.00146 0.99854 93965   6757703 71.86
4       93896   94      0.00100 0.99900 93849   6663738 70.97
5       93802   83      0.00089 0.99911 93760   6569889 70.04
6       93719   84      0.00090 0.99910 93677   6476128 69.10
7       93635   87      0.00093 0.99907 93592   6382451 68.16
8       93548   86      0.00092 0.99908 93505   6288860 67.23
9       93462   81      0.00086 0.99914 93421   6195355 66.29
10      93381   72      0.00077 0.99923 93344   6101934 65.34
11      93309   65      0.00070 0.99930 93276   6008590 64.39
12      93244   62      0.00066 0.99934 93213   5915314 63.44
13      93182   62      0.00066 0.99934 93151   5822101 62.48
14      93120   65      0.00070 0.99930 93088   5728950 61.52
15      93055   73      0.00078 0.99922 93019   5635862 60.56
16      92982   83      0.00089 0.99911 92941   5542842 59.61
17      92899   94      0.00101 0.99899 92853   5449901 58.66
18      92805   103     0.00112 0.99888 92754   5357048 57.72
19      92702   111     0.00120 0.99880 92647   5264294 56.79
20      92591   116     0.00125 0.99875 92533   5171647 55.85
21      92475   118     0.00128 0.99872 92416   5079114 54.92
22      92357   120     0.00130 0.99870 92297   4986698 53.99
23      92237   122     0.00132 0.99868 92176   4894400 53.06
24      92115   124     0.00135 0.99865 92053   4802224 52.13
25      91991   127     0.00138 0.99862 91928   4710171 51.20
26      91864   131     0.00143 0.99857 91799   4618243 50.27
27      91733   136     0.00149 0.99851 91666   4526444 49.34
28      91597   143     0.00156 0.99844 91526   4434779 48.42
29      91454   150     0.00164 0.99836 91380   4343253 47.49
30      91304   158     0.00173 0.99827 91226   4251873 46.57
31      91146   166     0.00182 0.99818 91064   4160647 45.65
32      90980   173     0.00191 0.99809 90894   4069584 44.73
33      90807   180     0.00198 0.99802 90718   3978690 43.81
34      90627   186     0.00205 0.99795 90534   3887972 42.90
35      90441   191     0.00212 0.99788 90346   3797438 41.99
36      90250   198     0.00219 0.99781 90152   3707092 41.08
37      90052   205     0.00228 0.99772 89950   3616940 40.17
38      89847   214     0.00239 0.99761 89741   3526990 39.26
39      89633   226     0.00252 0.99748 89521   3437249 38.35
40      89407   238     0.00267 0.99733 89289   3347728 37.44
41      89169   252     0.00283 0.99717 89044   3258439 36.54
42      88917   266     0.00299 0.99701 88785   3169395 35.64
43      88651   280     0.00316 0.99684 88512   3080610 34.75
44      88371   294     0.00333 0.99667 88225   2992098 33.86
45      88077   309     0.00351 0.99649 87924   2903872 32.97
46      87768   325     0.00371 0.99629 87607   2815949 32.08
47      87443   345     0.00395 0.99605 87272   2728342 31.20
48      87098   369     0.00423 0.99577 86916   2641069 30.32
49      86729   396     0.00457 0.99543 86533   2554154 29.45
50      86333   427     0.00495 0.99505 86122   2467620 28.58
51      85906   460     0.00536 0.99464 85679   2381498 27.72
52      85446   494     0.00578 0.99422 85202   2295819 26.87
53      84952   527     0.00620 0.99380 84691   2210617 26.02
54      84425   560     0.00663 0.99337 84148   2125926 25.18
55      83865   594     0.00709 0.99291 83571   2041778 24.35
56      83271   636     0.00763 0.99237 82957   1958207 23.52
57      82635   686     0.00830 0.99170 82297   1875250 22.69
58      81949   749     0.00914 0.99086 81580   1792954 21.88
59      81200   825     0.01015 0.98985 80794   1711373 21.08
60      80375   910     0.01132 0.98868 79927   1630579 20.29
61      79465   998     0.01256 0.98744 78973   1550652 19.51
62      78467   1081    0.01377 0.98623 77933   1471679 18.76
63      77386   1154    0.01491 0.98509 76815   1393746 18.01
64      76232   1217    0.01596 0.98404 75629   1316931 17.28
65      75015   1277    0.01703 0.98297 74382   1241303 16.55
66      73738   1351    0.01832 0.98168 73070   1166920 15.83
67      72387   1449    0.02001 0.97999 71672   1093851 15.11
68      70938   1581    0.02229 0.97771 70160   1022179 14.41
69      69357   1753    0.02527 0.97473 68496   952019  13.73
70      67604   1957    0.02895 0.97105 66643   883522  13.07
71      65647   2172    0.03308 0.96692 64578   816879  12.44
72      63475   2370    0.03734 0.96266 62305   752301  11.85
73      61105   2531    0.04142 0.95858 59851   689996  11.29
74      58574   2645    0.04516 0.95484 57259   630145  10.76
75      55929   2720    0.04864 0.95136 54575   572886  10.24
76      53209   2785    0.05235 0.94765 51822   518311  9.74
77      50424   2860    0.05673 0.94327 49001   466489  9.25
78      47564   2957    0.06217 0.93783 46094   417488  8.78
79      44607   3075    0.06893 0.93107 43080   371393  8.33
80      41532   3199    0.07701 0.92299 39942   328314  7.91
81      38333   3295    0.08595 0.91405 36691   288372  7.52
82      35038   3334    0.09515 0.90485 33371   251681  7.18
83      31704   3297    0.10399 0.89601 30049   218310  6.89
84      28407   3179    0.11190 0.88810 26805   188261  6.63
85      25228   2990    0.11854 0.88146 23715   161456  6.40
86      22238   2756    0.12392 0.87608 20839   137741  6.19
87      19482   2496    0.12813 0.87187 18212   116901  6.00
88      16986   2231    0.13132 0.86868 15849   98689   5.81
89      14755   1972    0.13367 0.86633 13748   82840   5.61
90      12783   1731    0.13539 0.86461 11898   69092   5.41
91      11052   1510    0.13667 0.86333 10280   57194   5.17
92      9542    1314    0.13770 0.86230 8870    46914   4.92
93      8228    1141    0.13865 0.86135 7644    38045   4.62
94      7087    990     0.13969 0.86031 6580    30401   4.29
95      6097    859     0.14094 0.85906 5657    23820   3.91
96      5238    746     0.14251 0.85749 4856    18163   3.47
97      4492    649     0.14452 0.85548 4160    13307   2.96
98      3843    565     0.14702 0.85298 3554    9147    2.38
99      3278    492     0.15008 0.84992 3026    5593    1.71
100     2786    428     0.15375 0.84625 2567    2567    0.92
