# Таблица построена по данным АДХ-РСФСР модулем rtss.data.mortality.synthetic.MortalityTableADH
# Возраст в годах, Числа доживающих до возраста х лет, Числа умирающих при переходе от возраста x к возрасту х+1 лет, Вероятность умереть в течение предстоящего года жизни, Вероятность дожить до возраста х+1 лет, Числа живущих в возрасте х лет, Числа прожитых человеколет, Средняя продолжительность предстоящей жизни
# x, lx, dx, qx, px, Lx, Tx, ex

0       100000  5760    0.05760 0.94240 97120   6157073 61.57
1       94240   1022    0.01085 0.98915 93729   6059953 64.30
2       93218   299     0.00321 0.99679 93069   5966224 64.00
3       92919   145     0.00156 0.99844 92847   5873155 63.21
4       92774   108     0.00116 0.99884 92720   5780309 62.31
5       92666   108     0.00116 0.99884 92613   5687589 61.38
6       92558   122     0.00132 0.99868 92498   5594976 60.45
7       92436   138     0.00150 0.99850 92368   5502478 59.53
8       92298   144     0.00156 0.99844 92226   5410110 58.62
9       92154   134     0.00145 0.99855 92086   5317884 57.71
10      92020   116     0.00126 0.99874 91961   5225799 56.79
11      91904   100     0.00109 0.99891 91853   5133838 55.86
12      91804   93      0.00101 0.99899 91757   5041985 54.92
13      91711   93      0.00102 0.99898 91665   4950228 53.98
14      91618   103     0.00113 0.99887 91568   4858563 53.03
15      91515   122     0.00134 0.99866 91456   4766995 52.09
16      91393   148     0.00162 0.99838 91321   4675539 51.16
17      91245   176     0.00193 0.99807 91159   4584218 50.24
18      91069   201     0.00221 0.99779 90970   4493059 49.34
19      90868   217     0.00239 0.99761 90761   4402089 48.44
20      90651   225     0.00248 0.99752 90539   4311328 47.56
21      90426   228     0.00252 0.99748 90312   4220789 46.68
22      90198   231     0.00256 0.99744 90083   4130477 45.79
23      89967   238     0.00264 0.99736 89849   4040394 44.91
24      89729   249     0.00278 0.99722 89606   3950545 44.03
25      89480   265     0.00296 0.99704 89349   3860939 43.15
26      89215   284     0.00318 0.99682 89075   3771591 42.28
27      88931   303     0.00340 0.99660 88781   3682516 41.41
28      88628   321     0.00362 0.99638 88469   3593735 40.55
29      88307   336     0.00381 0.99619 88140   3505266 39.69
30      87971   348     0.00396 0.99604 87798   3417126 38.84
31      87623   358     0.00409 0.99591 87445   3329328 38.00
32      87265   366     0.00420 0.99580 87083   3241883 37.15
33      86899   374     0.00430 0.99570 86713   3154801 36.30
34      86525   382     0.00441 0.99559 86335   3068088 35.46
35      86143   391     0.00454 0.99546 85948   2981753 34.61
36      85752   404     0.00471 0.99529 85551   2895805 33.77
37      85348   421     0.00493 0.99507 85139   2810254 32.93
38      84927   442     0.00521 0.99479 84708   2725114 32.09
39      84485   468     0.00554 0.99446 84253   2640406 31.25
40      84017   497     0.00592 0.99408 83771   2556153 30.42
41      83520   527     0.00631 0.99369 83259   2472382 29.60
42      82993   555     0.00669 0.99331 82718   2389123 28.79
43      82438   582     0.00706 0.99294 82149   2306406 27.98
44      81856   607     0.00741 0.99259 81555   2224256 27.17
45      81249   632     0.00778 0.99222 80935   2142702 26.37
46      80617   663     0.00823 0.99177 80289   2061766 25.57
47      79954   704     0.00880 0.99120 79606   1981478 24.78
48      79250   756     0.00953 0.99047 78877   1901872 24.00
49      78494   820     0.01045 0.98955 78090   1822995 23.22
50      77674   897     0.01154 0.98846 77232   1744905 22.46
51      76777   979     0.01275 0.98725 76294   1667673 21.72
52      75798   1061    0.01400 0.98600 75274   1591379 20.99
53      74737   1140    0.01525 0.98475 74173   1516105 20.29
54      73597   1211    0.01646 0.98354 72997   1441931 19.59
55      72386   1279    0.01767 0.98233 71752   1368934 18.91
56      71107   1349    0.01897 0.98103 70439   1297182 18.24
57      69758   1427    0.02045 0.97955 69051   1226743 17.59
58      68331   1515    0.02218 0.97782 67581   1157692 16.94
59      66816   1614    0.02415 0.97585 66017   1090111 16.32
60      65202   1715    0.02631 0.97369 64353   1024093 15.71
61      63487   1807    0.02846 0.97154 62590   959741  15.12
62      61680   1879    0.03046 0.96954 60745   897150  14.55
63      59801   1926    0.03221 0.96779 58841   836405  13.99
64      57875   1952    0.03373 0.96627 56901   777564  13.44
65      55923   1969    0.03522 0.96478 54940   720663  12.89
66      53954   1997    0.03701 0.96299 52959   665723  12.34
67      51957   2047    0.03940 0.96060 50939   612764  11.79
68      49910   2126    0.04259 0.95741 48855   561825  11.26
69      47784   2228    0.04664 0.95336 46679   512971  10.74
70      45556   2342    0.05140 0.94860 44394   466292  10.24
71      43214   2436    0.05638 0.94362 42002   421898  9.76
72      40778   2490    0.06106 0.93894 39535   379896  9.32
73      38288   2493    0.06512 0.93488 37040   340360  8.89
74      35795   2452    0.06850 0.93150 34565   303320  8.47
75      33343   2387    0.07159 0.92841 32144   268756  8.06
76      30956   2330    0.07526 0.92474 29787   236611  7.64
77      28626   2297    0.08026 0.91974 27476   206824  7.23
78      26329   2295    0.08717 0.91283 25182   179348  6.81
79      24034   2316    0.09637 0.90363 22878   154166  6.41
80      21718   2342    0.10785 0.89215 20548   131288  6.05
81      19376   2341    0.12081 0.87919 18203   110740  5.72
82      17035   2287    0.13428 0.86572 15884   92537   5.43
83      14748   2170    0.14714 0.85286 13651   76652   5.20
84      12578   1993    0.15841 0.84159 11565   63001   5.01
85      10585   1773    0.16749 0.83251 9680    51436   4.86
86      8812    1537    0.17441 0.82559 8024    41757   4.74
87      7275    1305    0.17938 0.82062 6604    33733   4.64
88      5970    1091    0.18267 0.81733 5408    27129   4.54
89      4879    901     0.18461 0.81539 4414    21721   4.45
90      3978    738     0.18556 0.81444 3597    17308   4.35
91      3240    602     0.18585 0.81415 2929    13711   4.23
92      2638    490     0.18581 0.81419 2385    10782   4.09
93      2148    399     0.18570 0.81430 1942    8398    3.91
94      1749    325     0.18577 0.81423 1581    6456    3.69
95      1424    265     0.18622 0.81378 1287    4875    3.42
96      1159    217     0.18721 0.81279 1047    3588    3.10
97      942     178     0.18887 0.81113 850     2541    2.70
98      764     146     0.19131 0.80869 689     1691    2.21
99      618     120     0.19461 0.80539 556     1003    1.62
100     498     99      0.19880 0.80120 447     447     0.90
