# Таблица построена по данным АДХ-РСФСР модулем rtss.data.mortality.synthetic.MortalityTableADH
# Возраст в годах, Числа доживающих до возраста х лет, Числа умирающих при переходе от возраста x к возрасту х+1 лет, Вероятность умереть в течение предстоящего года жизни, Вероятность дожить до возраста х+1 лет, Числа живущих в возрасте х лет, Числа прожитых человеколет, Средняя продолжительность предстоящей жизни
# x, lx, dx, qx, px, Lx, Tx, ex

0       100000  22240   0.22240 0.77760 88880   4022234 40.22
1       77760   8742    0.11243 0.88757 73389   3933354 50.58
2       69018   3988    0.05778 0.94222 67024   3859965 55.93
3       65030   1995    0.03068 0.96932 64033   3792941 58.33
4       63035   1079    0.01712 0.98288 62496   3728909 59.16
5       61956   632     0.01019 0.98981 61612   3666413 59.18
6       61324   404     0.00659 0.99341 61107   3604801 58.78
7       60920   283     0.00465 0.99535 60771   3543694 58.17
8       60637   217     0.00358 0.99642 60524   3482923 57.44
9       60420   181     0.00299 0.99701 60327   3422399 56.64
10      60239   162     0.00269 0.99731 60157   3362072 55.81
11      60077   155     0.00258 0.99742 59999   3301915 54.96
12      59922   156     0.00260 0.99740 59844   3241915 54.10
13      59766   162     0.00272 0.99728 59686   3182071 53.24
14      59604   173     0.00291 0.99709 59519   3122385 52.39
15      59431   187     0.00314 0.99686 59339   3062867 51.54
16      59244   200     0.00337 0.99663 59145   3003528 50.70
17      59044   210     0.00356 0.99644 58940   2944383 49.87
18      58834   217     0.00369 0.99631 58726   2885444 49.04
19      58617   219     0.00374 0.99626 58508   2826718 48.22
20      58398   219     0.00374 0.99626 58288   2768210 47.40
21      58179   217     0.00374 0.99626 58070   2709922 46.58
22      57962   218     0.00376 0.99624 57853   2651851 45.75
23      57744   221     0.00382 0.99618 57634   2593998 44.92
24      57523   227     0.00394 0.99606 57410   2536364 44.09
25      57296   236     0.00412 0.99588 57179   2478954 43.27
26      57060   248     0.00434 0.99566 56937   2421775 42.44
27      56812   261     0.00459 0.99541 56683   2364838 41.63
28      56551   274     0.00485 0.99515 56415   2308156 40.82
29      56277   287     0.00511 0.99489 56135   2251740 40.01
30      55990   300     0.00536 0.99464 55841   2195606 39.21
31      55690   312     0.00560 0.99440 55535   2139765 38.42
32      55378   322     0.00582 0.99418 55218   2084230 37.64
33      55056   331     0.00602 0.99398 54891   2029012 36.85
34      54725   339     0.00620 0.99380 54556   1974121 36.07
35      54386   345     0.00635 0.99365 54214   1919565 35.30
36      54041   350     0.00648 0.99352 53866   1865351 34.52
37      53691   355     0.00661 0.99339 53514   1811485 33.74
38      53336   359     0.00672 0.99328 53157   1757971 32.96
39      52977   362     0.00684 0.99316 52796   1704814 32.18
40      52615   366     0.00696 0.99304 52432   1652018 31.40
41      52249   371     0.00711 0.99289 52064   1599585 30.61
42      51878   377     0.00727 0.99273 51690   1547521 29.83
43      51501   384     0.00746 0.99254 51310   1495831 29.04
44      51117   393     0.00770 0.99230 50921   1444522 28.26
45      50724   404     0.00797 0.99203 50523   1393600 27.47
46      50320   417     0.00829 0.99171 50113   1343077 26.69
47      49903   432     0.00865 0.99135 49688   1292965 25.91
48      49471   449     0.00907 0.99093 49248   1243276 25.13
49      49022   467     0.00953 0.99047 48790   1194028 24.36
50      48555   487     0.01002 0.98998 48313   1145238 23.59
51      48068   507     0.01054 0.98946 47816   1096925 22.82
52      47561   527     0.01108 0.98892 47299   1049109 22.06
53      47034   547     0.01163 0.98837 46762   1001810 21.30
54      46487   568     0.01222 0.98778 46205   955047  20.54
55      45919   592     0.01289 0.98711 45625   908843  19.79
56      45327   620     0.01369 0.98631 45020   863217  19.04
57      44707   656     0.01468 0.98532 44382   818198  18.30
58      44051   700     0.01589 0.98411 43705   773815  17.57
59      43351   752     0.01736 0.98264 42980   730110  16.84
60      42599   812     0.01906 0.98094 42198   687131  16.13
61      41787   875     0.02094 0.97906 41355   644933  15.43
62      40912   938     0.02292 0.97708 40448   603578  14.75
63      39974   998     0.02498 0.97502 39480   563130  14.09
64      38976   1057    0.02711 0.97289 38452   523650  13.44
65      37919   1115    0.02941 0.97059 37367   485197  12.80
66      36804   1180    0.03207 0.96793 36220   447831  12.17
67      35624   1257    0.03529 0.96471 35003   411611  11.55
68      34367   1348    0.03923 0.96077 33701   376608  10.96
69      33019   1453    0.04400 0.95600 32302   342907  10.39
70      31566   1565    0.04959 0.95041 30793   310606  9.84
71      30001   1672    0.05573 0.94427 29173   279813  9.33
72      28329   1760    0.06212 0.93788 27455   250640  8.85
73      26569   1819    0.06847 0.93153 25663   223185  8.40
74      24750   1846    0.07459 0.92541 23828   197522  7.98
75      22904   1844    0.08053 0.91947 21981   173694  7.58
76      21060   1825    0.08665 0.91335 20145   151713  7.20
77      19235   1795    0.09331 0.90669 18335   131567  6.84
78      17440   1758    0.10078 0.89922 16558   113232  6.49
79      15682   1713    0.10922 0.89078 14821   96675   6.16
80      13969   1656    0.11858 0.88142 13136   81854   5.86
81      12313   1582    0.12845 0.87155 11515   68718   5.58
82      10731   1485    0.13841 0.86159 9980    57203   5.33
83      9246    1369    0.14804 0.85196 8551    47223   5.11
84      7877    1237    0.15702 0.84298 7247    38672   4.91
85      6640    1097    0.16516 0.83484 6080    31425   4.73
86      5543    956     0.17247 0.82753 5054    25345   4.57
87      4587    821     0.17902 0.82098 4166    20292   4.42
88      3766    696     0.18490 0.81510 3408    16126   4.28
89      3070    584     0.19022 0.80978 2769    12718   4.14
90      2486    485     0.19510 0.80490 2236    9949    4.00
91      2001    400     0.19965 0.80035 1794    7713    3.85
92      1601    327     0.20402 0.79598 1432    5919    3.70
93      1274    265     0.20833 0.79167 1137    4487    3.52
94      1009    215     0.21268 0.78732 898     3350    3.32
95      794     172     0.21720 0.78280 705     2452    3.09
96      622     138     0.22198 0.77802 550     1747    2.81
97      484     110     0.22710 0.77290 427     1197    2.47
98      374     87      0.23265 0.76735 329     770     2.06
99      287     69      0.23868 0.76132 251     441     1.54
100     218     53      0.24523 0.75477 190     190     0.87
