# age, both genders, male, female

# Таблица построена дезагрегацией данных АДХ при помощи модуля rtss.data.population.synthetic.PopulationADH

0    3,378,572       1,692,516       1,686,056      
1    3,277,149       1,641,070       1,636,079      
2    3,178,297       1,590,947       1,587,350      
3    3,079,548       1,540,877       1,538,671      
4    2,978,433       1,489,589       1,488,844      
5    2,872,488       1,435,815       1,436,673      
6    2,759,246       1,378,284       1,380,962      
7    2,634,929       1,315,062       1,319,867      
8    2,466,257       1,229,234       1,237,023      
9    2,245,079       1,116,604       1,128,475      
10   2,016,096       999,785         1,016,311      
11   1,826,505       902,654         923,851        
12   1,723,473       849,077         874,396        
13   1,740,219       856,060         884,159        
14   1,848,706       909,424         939,282        
15   1,997,758       983,189         1,014,569      
16   2,136,505       1,051,605       1,084,900      
17   2,214,310       1,089,082       1,125,228      
18   2,219,003       1,090,048       1,128,955      
19   2,204,422       1,080,075       1,124,347      
20   2,182,404       1,064,958       1,117,446      
21   2,157,052       1,047,285       1,109,767      
22   2,131,493       1,029,219       1,102,274      
23   2,084,059       1,001,948       1,082,111      
24   1,998,993       958,591         1,040,402      
25   1,894,051       906,604         987,447        
26   1,788,705       854,185         934,520        
27   1,701,964       809,306         892,658        
28   1,637,039       772,534         864,505        
29   1,581,243       738,372         842,871        
30   1,529,148       705,717         823,431        
31   1,475,933       673,785         802,148        
32   1,416,618       641,718         774,900        
33   1,344,068       607,246         736,822        
34   1,260,233       570,534         689,699        
35   1,176,120       535,160         640,960        
36   1,103,098       504,853         598,245        
37   1,052,208       483,232         568,976        
38   1,023,308       470,153         553,155        
39   1,005,267       461,602         543,665        
40   992,269         455,227         537,042        
41   978,936         448,820         530,116        
42   960,045         440,249         519,796        
43   935,465         429,725         505,740        
44   909,287         418,980         490,307        
45   882,621         408,068         474,553        
46   856,356         396,930         459,426        
47   831,355         385,502         445,853        
48   807,543         373,534         434,009        
49   784,126         360,966         423,160        
50   760,904         348,086         412,818        
51   737,722         335,201         402,521        
52   714,419         322,605         391,814        
53   690,847         310,234         380,613        
54   667,107         297,874         369,233        
55   643,476         285,627         357,849        
56   620,233         273,614         346,619        
57   597,675         261,957         335,718        
58   576,368         250,779         325,589        
59   556,247         240,022         316,225        
60   536,471         229,496         306,975        
61   516,165         219,006         297,159        
62   494,455         208,362         286,093        
63   470,681         197,521         273,160        
64   445,226         186,614         258,612        
65   418,960         175,715         243,245        
66   392,764         164,891         227,873        
67   367,497         154,213         213,284        
68   343,272         143,738         199,534        
69   319,508         133,444         186,064        
70   296,005         123,256         172,749        
71   272,599         113,103         159,496        
72   249,087         102,891         146,196        
73   224,503         92,092          132,411        
74   198,804         80,657          118,147        
75   173,504         69,396          104,108        
76   150,190         59,159          91,031         
77   130,355         50,749          79,606         
78   112,863         43,667          69,196         
79   96,088          37,029          59,059         
80   81,155          31,213          49,942         
81   69,342          26,669          42,673         
82   61,833          23,811          38,022         
83   57,103          22,019          35,084         
84   52,565          20,288          32,277         
85   46,946          18,053          28,893         
86   40,395          15,383          25,012         
87   34,422          12,963          21,459         
88   29,006          10,786          18,220         
89   24,123          8,841           15,282         
90   19,755          7,121           12,634         
91   15,878          5,615           10,263         
92   12,476          4,316           8,160          
93   9,528           3,212           6,316          
94   7,017           2,294           4,723          
95   4,924           1,552           3,372          
96   3,231           973             2,258          
97   1,919           545             1,374          
98   968             254             714            
99   357             83              274            
100  57              11              46             
