# age, both genders, male, female

# Таблица построена дезагрегацией данных АДХ при помощи модуля rtss.data.population.synthetic.PopulationADH

0    653,153         325,330         327,823        
1    995,887         500,806         495,082        
2    1,363,985       689,472         674,513        
3    1,733,098       878,667         854,432        
4    2,078,876       1,055,725       1,023,151      
5    2,376,970       1,207,984       1,168,986      
6    2,603,030       1,322,779       1,280,251      
7    2,732,706       1,387,446       1,345,260      
8    2,727,156       1,380,917       1,346,239      
9    2,532,138       1,275,874       1,256,264      
10   2,233,374       1,117,222       1,116,152      
11   1,956,084       967,798         988,286        
12   1,824,410       890,303         934,108        
13   1,907,392       927,190         980,201        
14   2,137,741       1,046,487       1,091,253      
15   2,412,696       1,187,663       1,225,032      
16   2,629,354       1,289,745       1,339,609      
17   2,692,315       1,298,673       1,393,642      
18   2,590,961       1,215,657       1,375,304      
19   2,390,674       1,076,261       1,314,413      
20   2,145,964       915,874         1,230,089      
21   1,909,848       769,885         1,139,963      
22   1,732,983       672,217         1,060,767      
23   1,596,986       612,680         984,305        
24   1,456,220       558,343         897,876        
25   1,327,043       512,063         814,981        
26   1,229,503       478,919         750,584        
27   1,183,716       464,014         719,702        
28   1,211,837       474,303         737,535        
29   1,308,900       509,701         799,199        
30   1,436,106       556,254         879,852        
31   1,552,105       598,684         953,421        
32   1,615,719       621,792         993,927        
33   1,611,942       620,832         991,110        
34   1,576,128       609,438         966,690        
35   1,524,952       592,629         932,324        
36   1,471,060       573,809         897,251        
37   1,426,609       556,171         870,438        
38   1,388,999       536,963         852,036        
39   1,347,380       512,429         834,951        
40   1,302,423       485,111         817,312        
41   1,255,526       457,901         797,625        
42   1,207,911       433,569         774,343        
43   1,156,484       411,322         745,162        
44   1,099,655       389,097         710,558        
45   1,042,012       368,123         673,889        
46   988,454         349,820         638,634        
47   943,740         335,593         608,147        
48   907,938         325,965         581,973        
49   876,856         319,500         557,357        
50   848,787         314,395         534,392        
51   822,214         308,859         513,354        
52   795,657         301,125         494,532        
53   768,857         290,517         478,340        
54   742,485         278,104         464,381        
55   716,435         264,912         451,524        
56   690,551         251,943         438,608        
57   664,702         240,187         424,515        
58   639,428         230,053         409,375        
59   614,884         220,905         393,978        
60   590,156         212,041         378,114        
61   564,280         202,769         361,512        
62   536,244         192,388         343,856        
63   504,161         180,221         323,940        
64   468,159         166,582         301,578        
65   430,845         152,472         278,373        
66   394,930         138,918         256,012        
67   363,057         126,918         236,140        
68   335,594         116,572         219,022        
69   310,573         107,120         203,453        
70   287,049         98,245          188,804        
71   264,161         89,665          174,496        
72   241,056         81,099          159,956        
73   217,291         72,361          144,930        
74   193,443         63,628          129,814        
75   170,328         55,224          115,104        
76   148,766         47,477          101,289        
77   129,496         40,684          88,812         
78   111,275         34,397          76,878         
79   93,136          28,218          64,917         
80   76,652          22,674          53,978         
81   63,529          18,335          45,193         
82   55,361          15,738          39,623         
83   50,508          14,296          36,212         
84   45,950          12,957          32,994         
85   40,127          11,225          28,902         
86   33,314          9,198           24,116         
87   27,380          7,459           19,921         
88   22,239          5,977           16,263         
89   17,814          4,721           13,093         
90   14,033          3,666           10,367         
91   10,833          2,788           8,046          
92   8,157           2,066           6,091          
93   5,952           1,482           4,470          
94   4,170           1,020           3,150          
95   2,767           663             2,104          
96   1,702           398             1,303          
97   934             213             722            
98   426             94              332            
99   136             28              107            
100  17              3               14             
