# age, both genders, male, female

# Таблица построена дезагрегацией данных АДХ при помощи модуля rtss.data.population.synthetic.PopulationADH

0    3,000,374       1,529,592       1,470,782      
1    2,670,486       1,359,893       1,310,593      
2    2,340,599       1,190,194       1,150,405      
3    2,010,712       1,020,496       990,216        
4    1,680,825       850,797         830,028        
5    1,350,937       681,098         669,839        
6    1,149,285       577,548         571,737        
7    1,108,231       556,302         551,929        
8    1,230,705       618,797         611,908        
9    1,522,842       768,255         754,587        
10   2,138,803       1,084,718       1,054,085      
11   2,524,385       1,281,376       1,243,009      
12   2,741,075       1,389,777       1,351,298      
13   2,763,950       1,397,068       1,366,882      
14   2,599,787       1,307,061       1,292,726      
15   2,185,205       1,087,402       1,097,803      
16   1,978,928       976,751         1,002,177      
17   1,884,476       924,228         960,248        
18   1,905,080       931,180         973,900        
19   2,035,310       994,439         1,040,871      
20   2,343,005       1,150,687       1,192,318      
21   2,501,030       1,221,494       1,279,536      
22   2,557,415       1,232,982       1,324,433      
23   2,504,109       1,181,339       1,322,770      
24   2,347,442       1,071,499       1,275,943      
25   2,062,790       888,647         1,174,143      
26   1,846,423       759,679         1,086,744      
27   1,657,856       656,522         1,001,334      
28   1,496,667       577,781         918,886        
29   1,360,264       520,371         839,893        
30   1,238,889       482,551         756,338        
31   1,173,557       460,681         712,876        
32   1,153,681       454,436         699,245        
33   1,179,413       463,602         715,811        
34   1,249,460       487,730         761,730        
35   1,388,560       534,989         853,571        
36   1,475,982       564,701         911,281        
37   1,530,023       583,137         946,886        
38   1,547,199       589,175         958,024        
39   1,528,236       582,998         945,238        
40   1,463,770       562,130         901,640        
41   1,411,786       541,997         869,789        
42   1,362,042       519,984         842,058        
43   1,315,508       496,430         819,078        
44   1,271,894       471,459         800,435        
45   1,232,877       444,492         788,385        
46   1,188,619       419,360         769,259        
47   1,140,887       395,314         745,573        
48   1,089,568       372,353         717,215        
49   1,035,049       350,480         684,569        
50   974,938         328,972         645,966        
51   924,029         311,592         612,437        
52   879,312         297,459         581,853        
53   840,763         286,502         554,261        
54   807,958         278,476         529,482        
55   782,147         274,495         507,652        
56   754,748         267,607         487,141        
57   727,233         259,075         468,158        
58   699,445         248,825         450,620        
59   671,425         236,997         434,428        
60   642,990         223,030         419,960        
61   615,421         210,704         404,717        
62   588,442         199,291         389,151        
63   562,043         188,811         373,232        
64   536,104         179,164         356,940        
65   511,409         170,757         340,652        
66   483,231         160,943         322,288        
67   452,567         150,248         302,319        
68   419,484         138,683         280,801        
69   384,308         126,369         257,939        
70   345,843         112,876         232,967        
71   312,269         101,169         211,100        
72   281,742         90,569          191,173        
73   254,105         81,011          173,094        
74   229,040         72,374          156,666        
75   206,558         64,640          141,918        
76   184,867         57,256          127,611        
77   164,150         50,261          113,889        
78   144,265         43,599          100,666        
79   125,161         37,244          87,917         
80   106,267         30,972          75,295         
81   90,217          25,801          64,416         
82   76,115          21,370          54,745         
83   63,696          17,568          46,128         
84   52,705          14,289          38,416         
85   42,665          11,377          31,288         
86   34,723          9,104           25,619         
87   28,258          7,283           20,975         
88   23,017          5,829           17,188         
89   18,773          4,671           14,102         
90   15,342          3,749           11,593         
91   12,573          3,016           9,557          
92   10,347          2,436           7,911          
93   8,567           1,979           6,588          
94   7,154           1,621           5,533          
95   6,048           1,345           4,703          
96   5,199           1,135           4,064          
97   4,572           982             3,590          
98   4,138           877             3,261          
99   3,876           814             3,062          
100  3,751           784             2,967          
