# age, both genders, male, female

# Таблица построена дезагрегацией данных АДХ при помощи модуля rtss.data.population.synthetic.PopulationADH

0    3,078,312       1,566,958       1,511,354      
1    2,835,832       1,443,331       1,392,501      
2    2,575,321       1,310,566       1,264,756      
3    2,314,089       1,177,434       1,136,655      
4    2,069,446       1,052,711       1,016,735      
5    1,858,701       945,170         913,531        
6    1,699,164       863,585         835,579        
7    1,608,145       816,728         791,417        
8    1,593,377       808,614         784,763        
9    1,617,614       819,904         797,710        
10   1,661,769       840,713         821,056        
11   1,718,785       867,747         851,037        
12   1,783,057       898,450         884,607        
13   1,884,628       948,254         936,374        
14   2,038,761       1,024,836       1,013,925      
15   2,208,034       1,109,069       1,098,965      
16   2,352,404       1,180,499       1,171,905      
17   2,431,869       1,218,701       1,213,168      
18   2,421,076       1,211,615       1,209,461      
19   2,346,616       1,173,116       1,173,501      
20   2,245,519       1,120,688       1,124,830      
21   2,153,413       1,071,095       1,082,318      
22   2,105,989       1,040,871       1,065,118      
23   2,128,538       1,036,774       1,091,763      
24   2,201,542       1,048,572       1,152,970      
25   2,287,530       1,065,397       1,222,133      
26   2,348,758       1,076,578       1,272,179      
27   2,343,952       1,070,033       1,273,919      
28   2,208,649       1,002,681       1,205,968      
29   1,953,111       862,310         1,090,800      
30   1,656,806       695,436         961,370        
31   1,401,936       551,300         850,636        
32   1,267,476       477,280         790,196        
33   1,232,899       462,791         770,108        
34   1,216,883       460,192         756,690        
35   1,212,025       463,723         748,301        
36   1,215,702       470,369         745,333        
37   1,227,283       477,709         749,573        
38   1,269,654       492,850         776,805        
39   1,345,336       518,349         826,988        
40   1,430,232       546,333         883,899        
41   1,499,603       568,594         931,009        
42   1,529,001       577,062         951,938        
43   1,506,803       568,282         938,521        
44   1,447,361       546,729         900,633        
45   1,368,834       517,784         851,050        
46   1,289,238       486,796         802,442        
47   1,226,061       458,871         767,190        
48   1,179,666       432,106         747,560        
49   1,137,202       402,443         734,759        
50   1,096,561       372,556         724,005        
51   1,056,390       345,507         710,883        
52   1,015,225       324,284         690,941        
53   969,224         309,169         660,055        
54   917,600         297,485         620,115        
55   864,549         287,622         576,927        
56   814,496         278,067         536,429        
57   771,729         267,353         504,376        
58   736,142         255,456         480,686        
59   704,084         243,502         460,582        
60   674,546         231,731         442,815        
61   646,712         220,322         426,389        
62   619,828         209,460         410,368        
63   594,791         199,411         395,380        
64   572,123         190,076         382,047        
65   550,129         180,994         369,135        
66   527,005         171,692         355,313        
67   500,938         161,695         339,244        
68   470,492         150,688         319,804        
69   436,436         138,931         297,505        
70   400,686         126,908         273,778        
71   365,187         115,107         250,080        
72   331,793         103,990         227,803        
73   299,739         93,309          206,431        
74   267,595         82,686          184,909        
75   236,538         72,495          164,043        
76   207,900         63,151          144,749        
77   182,913         55,037          127,876        
78   160,248         47,693          112,554        
79   138,402         40,624          97,778         
80   118,777         34,300          84,476         
81   102,934         29,249          73,685         
82   92,318          25,957          66,361         
83   85,043          23,795          61,249         
84   77,927          21,699          56,228         
85   66,997          18,310          48,687         
86   53,094          13,976          39,118         
87   41,397          10,472          30,925         
88   31,678          7,679           23,998         
89   23,718          5,492           18,226         
90   17,308          3,814           13,494         
91   12,249          2,556           9,693          
92   8,351           1,641           6,710          
93   5,435           998             4,437          
94   3,334           567             2,767          
95   1,891           294             1,597          
96   962             134             828            
97   417             51              367            
98   140             14              126            
99   29              2               26             
100  2               0               2              
