# Избыточные смерти населения РСФСР в полугодии 1945.1

# age, both genders, male, female

0           -10,780          -5,890          -4,890
1            -3,965          -2,154          -1,811
2            -7,049          -3,880          -3,169
3            10,271           4,419           5,852
4            12,348           5,552           6,795
5             9,227           3,759           5,468
6             4,512           2,674           1,839
7             5,096           3,605           1,491
8             5,548           4,359           1,189
9             5,894           4,980             914
10            7,340           5,559           1,781
11           10,626           7,067           3,559
12            7,085           5,381           1,704
13            1,721           1,108             613
14            2,448           1,638             810
15            1,855             757           1,098
16            5,803           4,439           1,364
17           13,902          12,331           1,571
18           22,188          20,480           1,708
19           30,563          27,424           3,139
20           39,501          33,938           5,564
21           41,560          35,054           6,507
22           37,538          30,944           6,593
23           34,744          27,747           6,997
24           28,218          22,544           5,674
25           27,177          20,383           6,794
26           27,671          19,666           8,005
27           27,991          19,875           8,117
28           28,325          20,908           7,417
29           35,061          25,403           9,658
30           36,253          27,329           8,924
31           37,316          28,844           8,472
32           39,039          30,100           8,939
33           38,722          30,084           8,638
34           33,736          27,881           5,855
35           30,873          26,324           4,549
36           27,828          24,662           3,166
37           24,898          23,163           1,735
38           22,923          22,130             793
39           22,086          21,420             665
40           21,019          20,623             396
41           19,859          19,564             296
42           18,833          18,295             537
43           18,061          16,975           1,086
44           17,074          15,424           1,650
45           15,986          13,939           2,047
46           14,311          12,324           1,986
47           12,045          10,536           1,509
48            9,576           8,686             890
49            7,597           6,880             718
50            6,221           5,413             808
51            5,272           4,382             890
52            4,791           3,822             969
53            4,668           3,623           1,045
54            5,081           3,959           1,122
55            5,157           3,958           1,198
56            4,987           3,711           1,276
57            4,744           3,387           1,357
58            4,524           3,082           1,442
59            4,080           2,544           1,536
60            3,781           2,164           1,617
61            3,969           1,974           1,996
62            4,761           2,029           2,732
63            5,805           2,290           3,515
64            6,839           2,665           4,175
65            7,827           3,013           4,814
66            8,485           3,241           5,245
67            8,769           3,334           5,435
68            8,830           3,353           5,477
69            8,827           3,370           5,457
70            8,408           3,197           5,211
71            7,776           2,923           4,853
72            7,031           2,595           4,435
73            6,199           2,230           3,969
74            5,150           1,759           3,391
75            4,427           1,466           2,962
76            3,797           1,229           2,567
77            3,340           1,070           2,270
78            3,117           1,007           2,110
79            2,927             977           1,950
80            2,601             882           1,719
81            1,993             683           1,310
82            1,305             444             862
83              786             265             521
84              459             152             306
85              337             122             215
86              183              77             105
87               14              24             -10
88             -117             -23             -94
89             -179             -51            -128
90             -146             -54             -92
91              -75             -43             -32
92                4             -24              29
93               79              -4              83
94              143              16             127
95              191              32             159
96              220              43             177
97              230              48             182
98              222              47             175
99              199              42             157
100               0               0               0
