# Население РСФСР в начале полугодия 1942.1

# age, both genders, male, female

0         3,118,140       1,590,693       1,527,447
1         2,909,196       1,478,503       1,430,693
2         2,944,824       1,490,329       1,454,495
3         2,904,592       1,474,926       1,429,666
4         2,814,003       1,428,529       1,385,474
5         2,590,752       1,314,237       1,276,515
6         2,300,591       1,166,898       1,133,692
7         2,053,171       1,034,175       1,018,996
8         1,956,401         974,554         981,847
9         2,003,012         994,245       1,008,768
10        2,175,626       1,071,369       1,104,257
11        2,466,438       1,220,328       1,246,110
12        2,679,765       1,315,071       1,364,693
13        2,785,033       1,363,300       1,421,733
14        2,768,576       1,361,939       1,406,637
15        2,662,475       1,317,062       1,345,412
16        2,508,407       1,228,599       1,279,808
17        2,352,767       1,139,260       1,213,507
18        2,188,085       1,045,408       1,142,676
19        2,007,304         941,583       1,065,721
20        1,835,214         853,236         981,977
21        1,637,405         752,885         884,519
22        1,529,213         697,622         831,591
23        1,489,528         675,796         813,731
24        1,523,348         689,248         834,100
25        1,627,805         736,947         890,858
26        1,828,416         831,330         997,086
27        1,959,356         894,564       1,064,793
28        2,035,809         933,957       1,101,852
29        2,050,516         946,277       1,104,239
30        2,011,740         935,133       1,076,607
31        1,909,754         896,478       1,013,276
32        1,827,786         862,977         964,809
33        1,753,664         829,810         923,854
34        1,687,756         796,794         890,962
35        1,627,291         762,881         864,409
36        1,574,645         729,022         845,623
37        1,517,040         693,909         823,131
38        1,457,369         658,713         798,656
39        1,394,960         623,296         771,664
40        1,329,630         587,321         742,309
41        1,261,413         550,368         711,046
42        1,196,639         517,071         679,568
43        1,135,106         486,827         648,279
44        1,076,795         459,667         617,128
45        1,021,178         435,126         586,052
46          971,513         412,350         559,162
47          929,565         392,551         537,014
48          892,396         374,858         517,538
49          860,070         359,020         501,049
50          832,339         345,126         487,212
51          809,327         334,120         475,207
52          785,890         322,167         463,723
53          762,065         310,114         451,951
54          738,325         298,290         440,035
55          715,597         287,027         428,570
56          690,887         273,191         417,697
57          665,720         260,342         405,378
58          641,989         248,015         393,974
59          618,901         236,104         382,797
60          594,003         224,632         369,371
61          567,413         213,825         353,589
62          541,853         203,404         338,450
63          517,420         193,606         323,814
64          494,211         184,425         309,785
65          471,733         175,635         296,098
66          450,645         167,596         283,049
67          425,736         157,671         268,066
68          397,826         146,321         251,505
69          366,893         133,563         233,330
70          333,417         119,644         213,772
71          296,643         104,148         192,496
72          264,254          91,135         173,119
73          234,839          79,775         155,064
74          208,034          69,869         138,165
75          183,362          61,141         122,221
76          160,827          53,628         107,199
77          140,592          46,652          93,940
78          122,664          40,355          82,309
79          106,406          34,535          71,871
80           91,215          29,012          62,203
81           77,006          23,877          53,129
82           65,395          19,889          45,506
83           55,954          16,659          39,295
84           47,141          13,803          33,339
85           38,490          11,149          27,341
86           30,519           8,813          21,706
87           24,364           6,976          17,388
88           19,535           5,508          14,027
89           15,638           4,336          11,301
90           12,493           3,402           9,091
91            9,968           2,662           7,306
92            7,952           2,078           5,874
93            6,363           1,623           4,739
94            5,137           1,287           3,849
95            4,205           1,039           3,166
96            3,521             858           2,663
97            3,353             798           2,555
98            2,925             688           2,237
99            2,627             609           2,017
100           4,803           1,098           3,705
