# Население РСФСР в начале полугодия 1941.1

# age, both genders, male, female

0         3,514,109       1,803,974       1,710,134
1         3,224,512       1,633,052       1,591,460
2         2,952,247       1,479,461       1,472,786
3         2,697,314       1,343,201       1,354,113
4         2,459,711       1,224,273       1,235,439
5         2,239,440       1,122,676       1,116,765
6         2,067,648       1,039,428       1,028,220
7         1,988,456         994,508         993,947
8         2,024,451       1,009,686       1,014,765
9         2,167,005       1,077,702       1,089,303
10        2,472,242       1,227,949       1,244,293
11        2,681,868       1,320,802       1,361,066
12        2,793,172       1,377,043       1,416,129
13        2,796,398       1,392,522       1,403,876
14        2,706,320       1,367,685       1,338,635
15        2,586,598       1,295,936       1,290,662
16        2,451,208       1,221,500       1,229,709
17        2,298,004       1,137,300       1,160,705
18        2,128,326       1,044,680       1,083,646
19        1,945,864         945,586       1,000,278
20        1,727,762         828,146         899,616
21        1,614,874         765,918         848,956
22        1,575,509         741,847         833,662
23        1,610,693         756,226         854,467
24        1,718,163         807,864         910,299
25        1,939,281         917,355       1,021,926
26        2,075,565         987,105       1,088,461
27        2,156,625       1,031,674       1,124,951
28        2,176,604       1,048,099       1,128,506
29        2,136,925       1,036,768       1,100,157
30        2,021,676         990,894       1,030,782
31        1,932,027         952,470         979,556
32        1,849,781         914,143         935,638
33        1,776,391         876,644         899,747
34        1,711,128         839,849         871,279
35        1,656,514         804,196         852,318
36        1,596,219         766,942         829,277
37        1,533,214         728,629         804,585
38        1,467,304         689,254         778,050
39        1,398,749         648,980         749,769
40        1,326,470         606,881         719,589
41        1,257,522         568,694         688,829
42        1,190,491         533,193         657,298
43        1,125,357         500,311         625,046
44        1,062,158         469,921         592,238
45          999,135         441,476         557,659
46          945,676         417,134         528,542
47          899,626         396,272         503,354
48          860,803         378,762         482,041
49          828,760         364,357         464,404
50          804,435         353,869         450,567
51          780,756         341,829         438,927
52          758,906         329,219         429,687
53          738,738         315,960         422,778
54          720,166         302,125         418,042
55          703,966         287,352         416,613
56          685,716         273,905         411,811
57          666,160         261,333         404,827
58          645,215         249,639         395,576
59          622,943         238,770         384,173
60          598,913         228,784         370,130
61          575,817         219,113         356,703
62          553,159         209,838         343,321
63          530,976         200,935         330,042
64          509,135         192,331         316,804
65          488,687         184,566         304,122
66          463,447         174,432         289,015
67          434,720         162,605         272,115
68          402,609         149,139         253,470
69          367,536         134,259         233,277
70          328,226         117,280         210,946
71          293,958         103,191         190,767
72          262,645          90,819         171,825
73          234,117          80,046         154,070
74          208,055          70,663         137,392
75          184,157          62,643         121,515
76          162,304          55,048         107,255
77          142,230          47,963          94,267
78          123,717          41,307          82,410
79          106,592          35,039          71,553
80           90,384          28,924          61,460
81           76,574          23,951          52,624
82           64,506          19,747          44,759
83           53,928          16,196          37,732
84           44,607          13,183          31,424
85           36,138          10,568          25,570
86           29,426           8,503          20,923
87           23,960           6,841          17,118
88           19,526           5,508          14,017
89           15,931           4,439          11,492
90           13,021           3,582           9,439
91           10,671           2,898           7,773
92            8,778           2,352           6,426
93            7,263           1,919           5,343
94            6,058           1,578           4,480
95            5,114           1,313           3,801
96            4,388           1,111           3,277
97            3,850             962           2,888
98            3,478             859           2,618
99            3,253             798           2,455
100           3,145             768           2,377
