# Избыточные смерти населения РСФСР в полугодии 1941.2

# age, both genders, male, female

0            51,482          24,512          26,970
1            28,295          12,678          15,617
2            11,037           4,841           6,197
3            10,182           6,698           3,484
4            11,251           8,436           2,815
5            12,055           9,857           2,198
6            13,054          11,039           2,015
7            19,696          13,276           6,421
8            20,557          14,300           6,256
9             7,777           6,135           1,642
10            3,775           2,355           1,420
11            4,427           2,412           2,016
12            6,607           4,004           2,603
13           20,095          16,988           3,107
14           39,541          36,087           3,453
15           58,791          54,488           4,303
16           79,969          70,371           9,598
17           93,637          80,586          13,051
18          110,128          96,446          13,682
19          108,567          93,979          14,588
20           92,766          79,591          13,175
21           79,586          67,007          12,579
22           79,071          63,292          15,779
23           80,077          62,725          17,352
24           79,528          63,736          15,792
25           91,411          73,507          17,904
26          105,053          84,916          20,137
27          107,101          89,238          17,863
28          112,231          94,037          18,194
29          115,645          96,580          19,065
30          107,680          92,405          15,275
31           96,439          85,884          10,555
32           89,301          81,108           8,193
33           80,884          75,836           5,048
34           74,224          71,807           2,417
35           70,620          69,181           1,439
36           68,064          66,917           1,147
37           64,612          63,975             637
38           60,978          60,194             784
39           57,780          56,110           1,670
40           54,407          51,505           2,902
41           50,607          46,635           3,971
42           46,157          41,792           4,366
43           40,066          36,343           3,722
44           33,063          30,521           2,542
45           26,099          24,619           1,480
46           20,946          19,337           1,609
47           17,144          15,355           1,789
48           14,823          12,867           1,957
49           13,795          11,678           2,117
50           13,960          11,683           2,278
51           14,269          11,830           2,439
52           13,939          11,340           2,599
53           13,145          10,380           2,765
54           10,503           7,566           2,937
55            9,009           5,881           3,128
56            8,196           4,881           3,315
57            7,911           4,281           3,630
58            9,097           4,138           4,959
59           11,079           4,493           6,586
60           13,296           5,195           8,101
61           15,456           5,988           9,468
62           17,235           6,602          10,633
63           18,198           6,932          11,265
64           18,488           7,018          11,470
65           18,594           7,081          11,513
66           18,175           6,933          11,242
67           17,005           6,433          10,571
68           15,537           5,791           9,746
69           13,927           5,086           8,842
70           11,866           4,163           7,704
71            9,963           3,338           6,626
72            8,599           2,814           5,785
73            7,414           2,383           5,031
74            6,732           2,158           4,574
75            6,354           2,088           4,266
76            5,860           1,973           3,886
77            4,868           1,662           3,205
78            3,419           1,169           2,250
79            2,138             723           1,415
80            1,240             412             828
81              811             279             532
82              556             215             342
83              201             106              96
84             -127              -5            -122
85             -336             -85            -251
86             -360            -115            -245
87             -233            -103            -130
88              -73             -71              -1
89               91             -30             121
90              238              13             224
91              357              53             304
92              437              80             357
93              477              97             381
94              479             101             378
95              446              95             351
96              196              42             155
97                0               0               0
98                0               0               0
99                0               0               0
100               0               0               0
