# Население РСФСР в начале полугодия 1945.1

# age, both genders, male, female

0         1,282,067         657,131         624,935
1         1,056,019         535,499         520,521
2         1,319,299         653,529         665,770
3         1,964,489         982,038         982,451
4         2,421,547       1,230,605       1,190,942
5         2,635,590       1,339,000       1,296,590
6         2,752,917       1,398,563       1,354,354
7         2,742,679       1,390,140       1,352,539
8         2,544,290       1,283,768       1,260,522
9         2,243,570       1,124,469       1,119,101
10        1,966,716         975,041         991,674
11        1,838,431         899,072         939,359
12        1,918,687         934,710         983,977
13        2,144,797       1,050,342       1,094,455
14        2,421,757       1,192,739       1,229,018
15        2,638,904       1,294,517       1,344,387
16        2,706,312       1,307,374       1,398,938
17        2,612,903       1,232,125       1,380,778
18        2,420,226       1,100,437       1,319,789
19        2,182,929         946,407       1,236,522
20        1,954,923         806,446       1,148,477
21        1,779,603         709,647       1,069,955
22        1,639,198         645,846         993,352
23        1,495,330         588,179         907,150
24        1,359,495         536,635         822,860
25        1,260,982         501,348         759,635
26        1,215,989         485,823         730,166
27        1,245,016         496,522         748,494
28        1,343,187         533,230         809,957
29        1,477,938         584,571         893,367
30        1,595,792         629,182         966,610
31        1,660,892         654,002       1,006,890
32        1,659,134         654,507       1,004,627
33        1,623,339         643,387         979,952
34        1,567,547         624,734         942,813
35        1,511,241         604,771         906,470
36        1,464,217         585,873         878,344
37        1,424,053         565,474         858,580
38        1,380,630         540,037         840,594
39        1,334,854         512,002         822,851
40        1,286,822         483,928         802,894
41        1,237,971         458,489         779,482
42        1,185,461         434,972         750,489
43        1,127,833         411,469         716,364
44        1,069,243         389,038         680,204
45        1,014,719         369,399         645,321
46          968,543         353,755         614,787
47          930,755         342,573         588,183
48          897,512         334,501         563,011
49          867,779         327,826         539,954
50          840,154         321,049         519,105
51          812,985         312,490         500,495
52          786,046         301,508         484,538
53          759,931         289,089         470,842
54          734,723         276,446         458,277
55          709,366         263,688         445,678
56          683,808         251,894         431,913
57          658,772         241,634         417,138
58          634,480         232,340         402,140
59          609,731         223,029         386,702
60          583,918         213,408         370,510
61          556,325         202,798         353,527
62          525,126         190,565         334,561
63          490,108         177,007         313,101
64          453,695         163,080         290,615
65          418,683         149,716         268,967
66          387,564         137,874         249,690
67          360,705         127,649         233,056
68          336,211         118,288         217,922
69          313,218         109,507         203,711
70          290,359         100,766         189,593
71          266,806          91,807         174,999
72          242,089          82,449         159,640
73          216,813          72,903         143,910
74          191,757          63,484         128,273
75          168,490          54,914         113,576
76          147,683          47,435         100,247
77          128,094          40,586          87,508
78          108,680          33,916          74,764
79           90,931          27,904          63,027
80           76,304          22,862          53,442
81           66,174          19,438          46,736
82           59,150          17,248          41,902
83           53,319          15,426          37,893
84           47,252          13,488          33,764
85           40,265          11,289          28,976
86           33,649           9,316          24,333
87           27,476           7,563          19,913
88           22,068           6,037          16,031
89           17,431           4,730          12,701
90           13,555           3,642           9,914
91           10,321           2,740           7,581
92            7,647           2,003           5,644
93            5,471           1,406           4,065
94            3,745             937           2,807
95            2,427             591           1,837
96            1,472             348           1,124
97              822             189             633
98              433              96             337
99              261              57             204
100           5,844           1,116           4,729
