# Избыточные смерти населения РСФСР в 1941-1945 гг. по возрасту, в котором умерший был бы на начало 1946 года

# age, both genders, male, female

0            -7,380          -4,038          -3,342
1            -9,401          -5,110          -4,291
2            49,457          26,877          22,580
3           272,233         146,622         125,612
4           587,367         304,790         282,577
5           152,611          68,653          83,959
6           113,575          46,228          67,347
7            55,870          33,158          22,712
8            63,115          44,674          18,441
9            68,697          54,002          14,695
10           72,976          61,674          11,302
11           91,064          68,871          22,193
12          131,575          87,519          44,056
13           87,310          66,361          20,949
14           21,195          13,607           7,588
15           30,329          20,287          10,042
16           23,009           9,399          13,610
17           72,221          55,325          16,896
18          172,649         153,187          19,461
19          289,251         268,105          21,146
20          396,980         357,957          39,023
21          499,729         430,758          68,971
22          526,224         445,667          80,557
23          495,748         414,102          81,646
24          457,743         371,170          86,572
25          371,760         301,543          70,217
26          357,011         272,816          84,195
27          362,415         263,275          99,140
28          366,522         266,102         100,420
29          372,001         280,133          91,868
30          459,974         340,348         119,626
31          476,366         365,972         110,394
32          491,151         386,267         104,885
33          513,726         403,042         110,684
34          509,488         402,672         106,816
35          445,472         373,136          72,336
36          408,580         352,326          56,253
37          369,157         330,063          39,095
38          331,426         310,028          21,398
39          306,014         296,228           9,786
40          294,960         286,731           8,228
41          280,922         276,035           4,887
42          265,500         261,837           3,662
43          251,529         244,854           6,675
44          240,646         227,168          13,478
45          226,847         206,395          20,452
46          211,863         186,513          25,350
47          189,452         164,882          24,570
48          159,582         140,938          18,643
49          127,151         116,162          10,989
50          100,880          91,991           8,889
51           82,391          72,390          10,001
52           69,635          58,610          11,025
53           63,145          51,150          11,994
54           61,450          48,512          12,938
55           64,192          50,299          13,892
56           65,090          50,252          14,838
57           64,091          48,290          15,801
58           60,762          43,961          16,801
59           55,975          38,124          17,851
60           50,479          31,457          19,022
61           46,788          26,769          20,018
62           49,173          24,428          24,745
63           58,987          25,122          33,865
64           71,921          28,366          43,555
65           84,725          33,011          51,714
66           96,936          37,309          59,627
67          105,064          40,124          64,941
68          108,560          41,270          67,290
69          109,309          41,508          67,800
70          109,258          41,712          67,546
71          104,043          39,555          64,489
72           96,214          36,169          60,045
73           86,984          32,105          54,878
74           76,678          27,575          49,103
75           63,693          21,746          41,947
76           54,766          18,129          36,637
77           46,965          15,206          31,759
78           41,327          13,238          28,089
79           38,572          12,462          26,109
80           36,220          12,089          24,131
81           32,175          10,913          21,261
82           24,624           8,436          16,187
83           16,120           5,477          10,643
84            9,704           3,267           6,437
85            5,665           1,881           3,784
86            4,164           1,509           2,655
87            2,251             954           1,297
88              163             289            -126
89           -1,450            -288          -1,161
90           -2,218            -630          -1,588
91           -1,800            -662          -1,138
92             -918            -526            -393
93               57            -302             359
94              982             -50           1,032
95            1,773             199           1,574
96            2,370             401           1,969
97            2,725             531           2,195
98            2,848             591           2,257
99            2,753             587           2,165
100           2,452             522           1,930
