# Население РСФСР в начале полугодия 1944.2

# age, both genders, male, female

0         1,188,340         608,085         580,255
1         1,203,078         605,355         597,723
2         1,566,570         768,788         797,782
3         2,339,699       1,187,416       1,152,282
4         2,576,734       1,309,046       1,267,689
5         2,726,462       1,385,179       1,341,282
6         2,784,880       1,414,600       1,370,280
7         2,676,651       1,355,578       1,321,073
8         2,409,788       1,214,325       1,195,463
9         2,103,779       1,051,954       1,051,824
10        1,890,975         932,518         958,458
11        1,868,506         912,868         955,638
12        2,026,406         990,468       1,035,938
13        2,289,593       1,125,524       1,164,069
14        2,551,463       1,256,200       1,295,263
15        2,702,551       1,317,681       1,384,870
16        2,692,082       1,290,454       1,401,628
17        2,551,264       1,192,735       1,358,529
18        2,336,994       1,052,611       1,284,384
19        2,106,761         907,483       1,199,279
20        1,909,527         792,600       1,116,927
21        1,753,827         712,367       1,041,460
22        1,610,661         650,219         960,441
23        1,461,178         589,238         871,941
24        1,336,550         540,705         795,845
25        1,262,877         513,464         749,412
26        1,254,297         510,332         743,965
27        1,320,230         535,196         785,034
28        1,447,422         584,961         862,461
29        1,585,337         639,376         945,961
30        1,680,986         676,907       1,004,079
31        1,712,831         690,515       1,022,315
32        1,691,978         684,905       1,007,073
33        1,641,220         668,263         972,958
34        1,578,391         646,201         932,190
35        1,523,685         625,424         898,261
36        1,478,006         604,728         873,278
37        1,434,263         580,649         853,614
38        1,388,101         552,691         835,410
39        1,340,174         523,512         816,662
40        1,290,460         495,564         794,895
41        1,238,939         470,036         768,903
42        1,182,670         445,187         737,482
43        1,122,938         420,431         702,507
44        1,064,653         397,594         667,059
45        1,012,591         378,262         634,329
46          968,868         363,167         605,702
47          931,290         351,911         579,378
48          897,370         342,845         554,525
49          867,381         334,634         532,748
50          838,971         325,874         513,098
51          811,238         315,288         495,949
52          784,488         303,094         481,395
53          759,116         290,535         468,581
54          734,635         278,289         456,345
55          709,332         265,906         443,426
56          683,880         254,623         429,257
57          659,371         244,827         414,544
58          634,759         235,133         399,625
59          609,328         225,245         384,083
60          582,755         214,912         367,843
61          554,308         203,398         350,910
62          522,062         190,514         331,548
63          487,117         176,921         310,196
64          452,129         163,475         288,654
65          419,781         151,057         268,724
66          391,549         140,258         251,291
67          366,412         130,616         235,796
68          343,119         121,685         221,434
69          320,432         112,964         207,468
70          296,941         103,895         193,046
71          272,111          94,330         177,781
72          246,069          84,316         161,752
73          219,340          74,027         145,313
74          193,515          64,220         129,294
75          170,314          55,667         114,647
76          149,226          48,121         101,105
77          128,810          41,008          87,802
78          109,278          34,349          74,929
79           92,145          28,530          63,614
80           78,813          23,852          54,962
81           69,183          20,603          48,580
82           61,372          18,124          43,248
83           54,514          15,896          38,618
84           47,595          13,630          33,965
85           40,594          11,406          29,188
86           33,773           9,404          24,370
87           27,324           7,588          19,736
88           21,730           6,009          15,721
89           17,050           4,679          12,371
90           13,208           3,583           9,625
91           10,024           2,685           7,339
92            7,417           1,955           5,462
93            5,315           1,368           3,948
94            3,669             915           2,754
95            2,436             590           1,846
96            1,554             365           1,189
97              972             222             750
98              634             142             493
99            1,140             237             904
100           5,882           1,164           4,718
