# Избыточные смерти населения РСФСР в полугодии 1943.2

# age, both genders, male, female

0            46,605          25,147          21,458
1            -2,365          -2,232            -133
2            30,501          13,880          16,622
3            20,900           9,462          11,437
4             8,179           3,564           4,615
5             7,498           4,930           2,567
6             8,307           6,229           2,078
7             8,917           7,291           1,626
8             9,659           8,173           1,485
9            14,568           9,825           4,743
10           15,270          10,615           4,656
11            5,806           4,589           1,217
12            2,781           1,735           1,046
13            3,288           1,800           1,488
14            4,859           2,935           1,924
15           14,824          12,524           2,300
16           29,226          26,668           2,558
17           43,499          40,323           3,176
18           58,788          51,694           7,094
19           68,785          59,119           9,666
20           64,986          54,843          10,142
21           60,054          49,246          10,808
22           51,515          41,735           9,781
23           44,423          35,110           9,312
24           44,840          33,154          11,686
25           45,708          32,848          12,861
26           45,088          33,373          11,715
27           51,699          38,451          13,248
28           59,394          44,457          14,936
29           59,966          46,721          13,244
30           62,719          49,237          13,482
31           64,713          50,580          14,133
32           59,766          48,417          11,349
33           52,826          44,992           7,833
34           48,579          42,494           6,085
35           43,485          39,731           3,754
36           39,416          37,616           1,800
37           37,305          36,238           1,067
38           35,906          35,053             853
39           33,988          33,515             473
40           32,116          31,537             579
41           30,631          29,398           1,233
42           29,135          26,988           2,147
43           27,378          24,437           2,940
44           25,139          21,902           3,237
45           21,814          19,050           2,763
46           17,891          16,001           1,890
47           14,005          12,910           1,095
48           11,329          10,141           1,188
49            9,373           8,051           1,322
50            8,190           6,743           1,447
51            7,684           6,118           1,567
52            7,803           6,117           1,686
53            8,002           6,197           1,805
54            7,911           5,986           1,925
55            7,543           5,495           2,048
56            7,264           5,089           2,175
57            6,681           4,364           2,317
58            6,077           3,621           2,456
59            5,862           3,175           2,687
60            6,736           3,067           3,670
61            8,203           3,328           4,875
62            9,847           3,848           5,999
63           11,448           4,436           7,013
64           12,770           4,892           7,878
65           13,487           5,138           8,349
66           13,704           5,202           8,502
67           13,783           5,249           8,534
68           13,476           5,141           8,335
69           12,610           4,771           7,839
70           11,523           4,295           7,228
71           10,330           3,773           6,558
72            8,805           3,090           5,716
73            7,391           2,476           4,915
74            6,379           2,088           4,292
75            5,499           1,768           3,732
76            4,992           1,600           3,392
77            4,711           1,548           3,164
78            4,346           1,464           2,883
79            3,614           1,234           2,380
80            2,541             869           1,672
81            1,589             537           1,051
82              922             306             615
83              602             207             395
84              414             159             254
85              151              79              72
86              -93              -3             -90
87             -249             -63            -186
88             -267             -85            -182
89             -173             -76             -97
90              -54             -53              -2
91               67             -22              89
92              176              10             166
93              264              39             225
94              324              60             264
95              354              72             282
96              355              75             280
97              331              71             260
98              147              31             116
99                0               0               0
100               0               0               0
