# Дефицит населения РСФСР на начало 1946 года, без учёта иммиграции

# age, both genders, male, female

0         3,254,549       1,679,331       1,575,219
1         2,547,367       1,308,636       1,238,732
2         1,831,080         934,686         896,394
3         1,096,741         550,931         545,810
4           475,958         228,470         247,487
5           143,337          64,302          79,035
6           104,477          39,397          65,079
7           -59,497         -52,706          -6,791
8          -186,099        -118,676         -67,422
9          -164,658         -99,761         -64,897
10          -52,273         -25,398         -26,875
11           70,495          49,985          20,511
12          130,472          86,745          43,727
13           85,533          66,231          19,302
14           -4,949          13,675         -18,624
15           19,973          20,103            -130
16            9,735           9,269             466
17           54,367          54,185             181
18          156,654         150,666           5,988
19          265,900         264,201           1,699
20          390,962         353,004          37,958
21          493,311         425,162          68,149
22          520,027         440,261          79,765
23          490,024         409,193          80,832
24          452,771         366,951          85,821
25          367,641         298,066          69,575
26          352,472         269,274          83,198
27          357,645         259,622          98,023
28          361,618         262,233          99,384
29          366,345         275,646          90,699
30          452,833         334,788         118,046
31          469,285         360,180         109,105
32          483,456         379,975         103,481
33          505,411         396,287         109,124
34          501,209         395,732         105,478
35          437,723         366,228          71,495
36          400,551         345,054          55,497
37          361,162         322,540          38,622
38          323,368         302,199          21,169
39          297,719         288,054           9,664
40          286,365         278,267           8,098
41          272,300         267,474           4,826
42          256,971         253,380           3,591
43          243,120         236,607           6,513
44          232,324         219,155          13,169
45          218,711         198,704          20,007
46          203,931         179,109          24,821
47          181,997         157,911          24,085
48          152,889         134,600          18,288
49          121,032         110,633          10,400
50           86,484          87,370            -886
51           59,629          68,544          -8,915
52           39,919          55,302         -15,383
53           27,279          48,069         -20,789
54           20,428          45,372         -24,944
55           20,209          46,838         -26,629
56           20,366          46,605         -26,238
57           22,050          44,557         -22,508
58           24,685          40,378         -15,692
59           28,080          34,908          -6,828
60           34,011          28,659           5,352
61           39,214          24,257          14,957
62           45,396          22,010          23,386
63           54,377          22,499          31,878
64           66,071          25,249          40,822
65           77,426          29,197          48,229
66           88,058          32,761          55,297
67           94,775          34,930          59,845
68           97,087          35,555          61,532
69           96,720          35,311          61,408
70           95,473          34,985          60,488
71           89,667          32,666          57,000
72           81,680          29,383          52,297
73           72,708          25,653          47,055
74           63,138          21,692          41,447
75           51,696          16,843          34,853
76           43,770          13,810          29,960
77           36,932          11,376          25,555
78           31,883           9,682          22,201
79           29,087           8,856          20,230
80           26,590           8,302          18,288
81           23,023           7,284          15,739
82           17,375           5,575          11,800
83           11,430           3,654           7,775
84            6,942           2,212           4,731
85            4,001           1,265           2,736
86            2,825             985           1,840
87            1,462             601             861
88              106             177             -71
89             -871            -162            -709
90           -1,306            -346            -961
91           -1,034            -351            -683
92             -505            -269            -236
93               57            -150             207
94              570             -25             595
95              993              93             900
96            1,303             187           1,116
97            1,477             246           1,231
98            1,524             271           1,253
99            1,456             268           1,188
100           5,865           1,057           4,808
