# Минимальная межреспубликанская миграция в РСФСР в полугодии 1941.2

# age, both genders, male, female

0                 0               0               0
1                 0               0               0
2            34,011          29,077           4,933
3           154,298         104,568          49,730
4           200,525         130,921          69,603
5           141,311          94,486          46,825
6            47,645          37,218          10,427
7             1,825           1,825               0
8                 0               0               0
9            10,771               0          10,771
10           15,988               0          15,988
11            6,514               0           6,514
12           12,609               0          12,609
13           10,472               0          10,472
14           14,359               0          14,359
15            6,252               0           6,252
16                0               0               0
17                0               0               0
18                0               0               0
19                0               0               0
20                0               0               0
21                0               0               0
22                0               0               0
23                0               0               0
24                0               0               0
25                0               0               0
26                0               0               0
27                0               0               0
28                0               0               0
29                0               0               0
30                0               0               0
31                0               0               0
32                0               0               0
33                0               0               0
34                0               0               0
35                0               0               0
36                0               0               0
37                0               0               0
38                0               0               0
39                0               0               0
40                0               0               0
41                0               0               0
42                0               0               0
43                0               0               0
44                0               0               0
45            3,046               0           3,046
46           11,513               0          11,513
47           17,764               0          17,764
48           23,228               0          23,228
49           27,848               0          27,848
50           30,941               0          30,941
51           32,262               0          32,262
52           31,495               0          31,495
53           27,941               0          27,941
54           22,613               0          22,613
55           14,742               0          14,742
56            6,489               0           6,489
57              835               0             835
58                0               0               0
59                0               0               0
60                0               0               0
61                0               0               0
62                0               0               0
63                0               0               0
64                0               0               0
65                0               0               0
66                0               0               0
67                0               0               0
68                0               0               0
69                0               0               0
70                0               0               0
71                0               0               0
72                0               0               0
73                0               0               0
74                0               0               0
75                0               0               0
76                0               0               0
77                0               0               0
78                0               0               0
79                0               0               0
80                0               0               0
81                0               0               0
82                0               0               0
83                0               0               0
84                0               0               0
85                0               0               0
86                0               0               0
87                0               0               0
88                0               0               0
89                0               0               0
90                0               0               0
91                0               0               0
92                0               0               0
93                0               0               0
94                0               0               0
95                0               0               0
96                0               0               0
97                0               0               0
98                0               0               0
99                0               0               0
100               0               0               0
