# Избыточные смерти населения РСФСР в полугодии 1942.1

# age, both genders, male, female

0           347,570         189,265         158,305
1            22,811          10,265          12,546
2            16,926           6,885          10,041
3             8,361           4,968           3,393
4             9,447           6,690           2,757
5            10,282           8,085           2,197
6            10,922           9,232           1,690
7            13,648          10,312           3,336
8            19,692          13,100           6,592
9            13,023           9,903           3,119
10            3,160           2,024           1,135
11            4,541           3,037           1,504
12            3,448           1,410           2,038
13           10,848           8,318           2,530
14           25,894          22,981           2,913
15           43,628          40,463           3,165
16           60,910          55,052           5,857
17           78,397          68,066          10,331
18           78,968          66,913          12,056
19           70,297          58,077          12,220
20           64,992          52,043          12,950
21           52,783          42,278          10,504
22           50,875          38,266          12,609
23           51,772          36,933          14,840
24           52,352          37,332          15,021
25           53,070          39,317          13,753
26           65,676          47,768          17,908
27           67,859          51,348          16,511
28           69,893          54,197          15,696
29           73,112          56,546          16,566
30           72,453          56,481          15,972
31           63,142          52,333          10,809
32           57,828          49,418           8,411
33           52,133          46,293           5,840
34           46,679          43,485           3,194
35           43,013          41,552           1,461
36           41,451          40,220           1,231
37           39,448          38,718             730
38           37,273          36,725             548
39           35,344          34,342           1,002
40           33,880          31,860           2,021
41           32,009          28,945           3,064
42           29,951          26,156           3,794
43           26,795          23,121           3,675
44           22,547          19,761           2,786
45           17,926          16,285           1,641
46           14,226          12,895           1,331
47           11,645          10,148           1,497
48            9,868           8,218           1,650
49            8,969           7,173           1,795
50            8,742           6,806           1,936
51            9,090           7,010           2,079
52            9,093           6,872           2,221
53            8,804           6,439           2,365
54            8,681           6,167           2,515
55            8,373           5,701           2,672
56            7,551           4,704           2,847
57            7,000           4,004           2,996
58            7,362           3,655           3,707
59            8,833           3,760           5,072
60           10,769           4,247           6,522
61           12,684           4,942           7,742
62           14,510           5,585           8,926
63           15,724           6,005           9,719
64           16,245           6,176          10,069
65           16,357           6,211          10,145
66           16,348           6,241          10,106
67           15,565           5,917           9,648
68           14,392           5,410           8,982
69           13,011           4,802           8,209
70           11,467           4,123           7,344
71            9,525           3,251           6,273
72            8,191           2,711           5,480
73            7,024           2,274           4,750
74            6,182           1,980           4,202
75            5,771           1,865           3,906
76            5,418           1,809           3,610
77            4,811           1,632           3,179
78            3,680           1,261           2,419
79            2,408             818           1,590
80            1,449             488             961
81              846             281             565
82              622             226             397
83              336             142             193
84               23              43             -20
85             -218             -43            -174
86             -332             -94            -238
87             -269             -99            -170
88             -137             -79             -58
89                9             -45              54
90              147              -7             155
91              266              30             236
92              355              60             295
93              408              79             328
94              426              88             338
95              412              88             324
96              366              78             288
97                0               0               0
98                0               0               0
99                0               0               0
100               0               0               0
