# Население РСФСР в начале полугодия 1941.2

# age, both genders, male, female

0         3,370,690       1,723,342       1,647,348
1         3,138,591       1,594,530       1,544,062
2         2,973,655       1,494,948       1,478,707
3         2,770,382       1,382,426       1,387,956
4         2,548,687       1,267,058       1,281,629
5         2,330,777       1,163,505       1,167,272
6         2,135,602       1,073,113       1,062,489
7         2,007,811       1,006,920       1,000,891
8         1,989,684         993,401         996,283
9         2,071,102       1,031,117       1,039,985
10        2,309,828       1,148,708       1,161,120
11        2,589,689       1,280,705       1,308,985
12        2,745,049       1,350,706       1,394,342
13        2,804,617       1,387,699       1,416,919
14        2,754,577       1,383,969       1,370,608
15        2,643,786       1,332,530       1,311,256
16        2,516,258       1,256,254       1,260,004
17        2,372,397       1,178,507       1,193,890
18        2,209,318       1,088,807       1,120,511
19        2,038,479         995,794       1,042,685
20        1,828,406         882,365         946,042
21        1,654,636         788,288         866,349
22        1,583,361         747,736         835,625
23        1,581,728         743,097         838,630
24        1,645,993         772,615         873,378
25        1,821,919         858,829         963,090
26        2,014,704         955,376       1,059,328
27        2,116,675       1,009,195       1,107,480
28        2,168,214       1,040,304       1,127,909
29        2,161,117       1,043,978       1,117,139
30        2,076,756       1,012,570       1,064,186
31        1,967,650         967,639       1,000,011
32        1,885,113         930,655         954,458
33        1,806,399         892,256         914,143
34        1,736,668         854,982         881,686
35        1,677,568         818,718         858,850
36        1,620,968         782,223         838,745
37        1,558,580         744,171         814,409
38        1,494,115         705,184         788,931
39        1,427,089         665,533         761,556
40        1,356,296         624,012         732,284
41        1,285,368         583,599         701,768
42        1,217,797         547,057         670,741
43        1,151,654         512,849         638,805
44        1,087,906         481,332         606,575
45        1,024,163         451,742         572,422
46          965,312         425,173         540,138
47          915,863         402,598         513,265
48          873,382         383,411         489,971
49          837,691         367,236         470,455
50          809,888         355,103         454,785
51          786,225         344,126         442,099
52          763,062         331,547         431,515
53          741,984         318,553         423,432
54          722,224         304,958         417,266
55          704,877         290,391         414,486
56          687,685         276,030         411,655
57          668,373         263,004         405,368
58          647,887         250,786         397,102
59          626,124         239,452         386,672
60          602,578         229,036         373,542
61          578,641         219,235         359,407
62          555,641         209,721         345,920
63          533,056         200,644         332,412
64          510,615         191,732         318,884
65          489,618         183,677         305,940
66          466,877         174,833         292,044
67          439,431         163,684         275,747
68          408,725         150,977         257,748
69          375,253         136,991         238,262
70          337,409         120,856         216,553
71          300,203         105,253         194,950
72          267,956          92,441         175,515
73          238,280          81,103         157,176
74          211,447          71,292         140,155
75          186,948          62,907         124,042
76          164,569          55,381         109,188
77          144,094          48,228          95,866
78          125,226          41,540          83,686
79          107,888          35,283          72,604
80           91,574          29,233          62,340
81           77,205          24,060          53,145
82           65,431          19,987          45,444
83           55,268          16,548          38,721
84           45,901          13,520          32,381
85           37,097          10,811          26,286
86           29,654           8,575          21,079
87           23,979           6,837          17,142
88           19,425           5,450          13,975
89           15,768           4,351          11,417
90           12,822           3,478           9,344
91           10,453           2,789           7,665
92            8,550           2,241           6,309
93            7,027           1,809           5,219
94            5,825           1,478           4,346
95            4,875           1,220           3,656
96            4,138           1,021           3,116
97            3,579             873           2,706
98            3,173             765           2,409
99            2,908             693           2,215
100           4,131             978           3,153
