# Население РСФСР в начале полугодия 1942.2

# age, both genders, male, female

0         2,298,270       1,158,283       1,139,987
1         2,748,572       1,393,741       1,354,832
2         2,833,612       1,437,551       1,396,061
3         2,862,632       1,452,106       1,410,526
4         2,861,651       1,455,743       1,405,908
5         2,723,313       1,384,115       1,339,198
6         2,451,239       1,243,822       1,207,417
7         2,153,188       1,088,690       1,064,498
8         1,963,306         979,057         984,249
9         1,943,109         962,390         980,719
10        2,061,662       1,015,802       1,045,860
11        2,313,642       1,140,284       1,173,358
12        2,580,846       1,272,087       1,308,759
13        2,738,926       1,338,933       1,399,994
14        2,770,272       1,351,248       1,419,024
15        2,687,825       1,311,283       1,376,542
16        2,531,007       1,225,032       1,305,975
17        2,356,081       1,118,721       1,237,360
18        2,187,713       1,022,865       1,164,848
19        2,016,400         925,848       1,090,552
20        1,853,392         841,977       1,011,415
21        1,669,954         752,018         917,936
22        1,517,895         678,285         839,611
23        1,446,608         643,716         802,891
24        1,442,562         639,817         802,745
25        1,507,421         667,357         840,064
26        1,662,392         737,300         925,091
27        1,831,693         815,115       1,016,578
28        1,930,279         861,671       1,068,608
29        1,973,136         884,957       1,088,178
30        1,960,212         884,542       1,075,670
31        1,889,930         859,905       1,030,025
32        1,800,207         825,368         974,839
33        1,729,621         795,841         933,780
34        1,664,954         765,564         899,391
35        1,606,194         734,318         871,876
36        1,552,583         701,785         850,798
37        1,499,693         668,492         831,201
38        1,442,684         634,848         807,836
39        1,383,918         601,784         782,134
40        1,321,859         568,693         753,166
41        1,256,356         534,681         721,675
42        1,191,440         502,186         689,254
43        1,131,027         473,448         657,579
44        1,074,865         447,924         626,941
45        1,022,613         425,603         597,010
46          973,782         405,312         568,470
47          932,919         387,037         545,881
48          896,674         370,695         525,979
49          864,108         355,385         508,723
50          835,256         341,023         494,232
51          810,515         328,750         481,765
52          787,547         317,368         470,180
53          763,620         305,390         458,230
54          739,090         293,604         445,486
55          715,252         282,714         432,539
56          690,376         270,483         419,893
57          664,553         257,827         406,726
58          638,674         245,787         392,887
59          614,517         233,760         380,757
60          588,618         221,736         366,882
61          560,548         209,998         350,549
62          532,212         198,711         333,500
63          505,508         188,024         317,484
64          480,713         178,265         302,448
65          457,271         169,078         288,193
66          435,464         160,691         274,773
67          412,858         151,904         260,954
68          387,035         141,555         245,480
69          358,604         130,015         228,589
70          327,865         117,460         210,405
71          294,075         103,457         190,618
72          260,945          89,956         170,989
73          231,858          78,662         153,196
74          205,224          68,701         136,522
75          180,639          59,872         120,767
76          157,860          52,102         105,758
77          137,367          45,202          92,165
78          119,614          38,995          80,619
79          104,244          33,547          70,697
80           90,108          28,467          61,641
81           76,746          23,713          53,033
82           65,178          19,735          45,443
83           56,129          16,636          39,493
84           47,973          13,960          34,013
85           39,581          11,392          28,189
86           31,550           9,059          22,490
87           24,890           7,129          17,762
88           19,811           5,599          14,212
89           15,696           4,366          11,331
90           12,371           3,380           8,991
91            9,692           2,593           7,099
92            7,554           1,973           5,582
93            5,878           1,492           4,385
94            4,597           1,140           3,457
95            3,650             892           2,758
96            2,960             712           2,248
97            2,824             662           2,162
98            2,719             621           2,097
99            2,400             543           1,857
100           5,268           1,170           4,098
