# Население РСФСР в начале полугодия 1943.1

# age, both genders, male, female

0         1,668,444         837,868         830,576
1         2,279,743       1,141,064       1,138,680
2         2,641,434       1,340,764       1,300,669
3         2,788,600       1,413,358       1,375,242
4         2,846,822       1,449,938       1,396,884
5         2,816,043       1,434,176       1,381,867
6         2,603,557       1,323,133       1,280,424
7         2,294,667       1,161,817       1,132,850
8         2,020,731       1,012,714       1,008,017
9         1,909,083         944,189         964,894
10        1,970,194         970,674         999,520
11        2,168,472       1,063,602       1,104,871
12        2,451,799       1,210,177       1,241,621
13        2,667,647       1,308,030       1,359,617
14        2,758,355       1,342,047       1,416,308
15        2,710,325       1,310,803       1,399,523
16        2,569,586       1,230,432       1,339,154
17        2,375,883       1,112,479       1,263,404
18        2,184,887         996,795       1,188,092
19        2,015,853         901,825       1,114,028
20        1,852,806         815,683       1,037,124
21        1,692,834         740,463         952,371
22        1,521,249         661,013         860,236
23        1,417,443         614,291         803,153
24        1,375,888         595,198         780,690
25        1,407,916         607,538         800,378
26        1,509,713         650,570         859,143
27        1,682,849         726,571         956,278
28        1,808,260         781,904       1,026,356
29        1,879,808         815,077       1,064,732
30        1,887,623         822,395       1,065,229
31        1,850,225         811,402       1,038,823
32        1,767,569         781,477         986,092
33        1,696,445         753,938         942,507
34        1,633,823         727,062         906,761
35        1,578,750         699,558         879,193
36        1,525,361         669,271         856,090
37        1,475,528         637,825         837,702
38        1,421,825         605,604         816,221
39        1,366,636         574,480         792,156
40        1,308,423         544,103         764,320
41        1,246,476         513,468         733,008
42        1,182,538         482,786         699,752
43        1,122,316         455,420         666,896
44        1,067,458         431,532         635,926
45        1,017,953         411,317         606,636
46          971,953         393,921         578,032
47          932,225         378,114         554,111
48          897,839         363,942         533,897
49          866,141         350,198         515,943
50          837,158         336,476         500,682
51          810,993         323,265         487,729
52          787,621         311,667         475,954
53          763,991         299,824         464,166
54          739,679         288,456         451,223
55          714,601         277,277         437,323
56          690,058         266,769         423,289
57          663,689         254,763         408,927
58          636,946         243,183         393,763
59          611,014         231,490         379,524
60          584,590         219,369         365,220
61          555,488         206,962         348,526
62          524,791         194,802         329,989
63          495,289         183,120         312,169
64          468,099         172,461         295,638
65          443,447         162,856         280,591
66          420,247         153,843         266,404
67          398,505         145,508         252,997
68          374,546         136,058         238,488
69          348,433         125,632         222,802
70          319,898         114,144         205,755
71          289,485         101,845         187,640
72          257,135          88,661         168,474
73          228,063          77,290         150,772
74          201,823          67,394         134,429
75          177,694          58,653         119,041
76          154,903          50,685         104,218
77          134,078          43,709          90,369
78          115,946          37,454          78,491
79          101,011          32,189          68,822
80           88,002          27,550          60,452
81           75,860          23,323          52,537
82           64,826          19,539          45,287
83           55,898          16,504          39,393
84           48,281          13,966          34,315
85           40,370          11,536          28,834
86           32,528           9,270          23,258
87           25,597           7,299          18,299
88           20,225           5,717          14,508
89           15,919           4,436          11,483
90           12,411           3,402           9,009
91            9,574           2,574           7,000
92            7,298           1,913           5,385
93            5,509           1,401           4,108
94            4,148           1,023           3,125
95            3,153             762           2,390
96            2,450             584           1,867
97            1,996             469           1,528
98            2,548             568           1,981
99            2,215             489           1,726
100           5,577           1,208           4,369
