# Население РСФСР в начале полугодия 1946.1

# age, both genders, male, female

0         1,419,058         728,211         690,847
1         1,199,778         612,694         587,084
2         1,009,661         511,114         498,547
3         1,280,114         633,547         646,567
4         1,909,563         954,341         955,222
5         2,374,533       1,206,746       1,167,788
6         2,600,362       1,321,423       1,278,939
7         2,729,905       1,386,024       1,343,881
8         2,724,360       1,379,501       1,344,859
9         2,529,542       1,274,566       1,254,976
10        2,231,084       1,116,077       1,115,008
11        1,954,079         966,806         987,273
12        1,822,541         889,390         933,150
13        1,905,436         926,240         979,196
14        2,135,548       1,045,414       1,090,134
15        2,410,222       1,186,445       1,223,776
16        2,626,658       1,288,423       1,338,236
17        2,689,555       1,297,342       1,392,213
18        2,588,305       1,214,411       1,373,894
19        2,388,223       1,075,158       1,313,066
20        2,143,763         914,935       1,228,828
21        1,907,890         769,096       1,138,794
22        1,731,207         671,528       1,059,679
23        1,595,348         612,052         983,296
24        1,454,726         557,771         896,955
25        1,325,684         511,538         814,145
26        1,228,243         478,428         749,815
27        1,182,503         463,538         718,964
28        1,210,596         473,817         736,779
29        1,307,558         509,178         798,380
30        1,434,634         555,684         878,950
31        1,550,514         598,070         952,444
32        1,614,063         621,154         992,908
33        1,610,289         620,196         990,094
34        1,574,512         608,813         965,699
35        1,523,390         592,022         931,369
36        1,469,552         573,221         896,331
37        1,425,147         555,601         869,546
38        1,387,575         536,413         851,163
39        1,345,999         511,904         834,095
40        1,301,088         484,614         816,474
41        1,254,239         457,432         796,807
42        1,206,674         433,124         773,549
43        1,155,298         410,900         744,398
44        1,098,528         388,698         709,830
45        1,040,944         367,746         673,198
46          987,441         349,461         637,979
47          942,773         335,249         607,524
48          907,007         325,631         581,376
49          875,958         319,172         556,786
50          847,917         314,073         533,844
51          821,370         308,542         512,828
52          794,841         300,816         494,025
53          768,069         290,219         477,850
54          741,724         277,819         463,905
55          715,702         264,640         451,061
56          689,843         251,685         438,158
57          664,021         239,941         424,080
58          638,773         229,817         408,955
59          614,253         220,679         393,574
60          589,550         211,824         377,726
61          563,703         202,561         361,141
62          535,694         192,191         343,504
63          503,644         180,036         323,608
64          467,680         166,411         301,269
65          430,403         152,316         278,088
66          394,525         138,776         255,750
67          362,686         126,788         235,898
68          335,250         116,452         218,797
69          310,255         107,010         203,244
70          286,755          98,144         188,610
71          263,890          89,573         174,317
72          240,808          81,016         159,792
73          217,068          72,287         144,781
74          193,244          63,563         129,681
75          170,153          55,167         114,986
76          148,614          47,428         101,185
77          129,363          40,642          88,721
78          111,161          34,362          76,799
79           93,040          28,189          64,850
80           76,573          22,651          53,923
81           63,463          18,316          45,147
82           55,304          15,722          39,582
83           50,456          14,281          36,175
84           45,904          12,944          32,960
85           40,086          11,213          28,872
86           33,280           9,189          24,091
87           27,352           7,451          19,901
88           22,217           5,971          16,246
89           17,796           4,716          13,080
90           14,019           3,662          10,356
91           10,823           2,785           8,038
92            8,149           2,064           6,085
93            5,946           1,480           4,465
94            4,166           1,019           3,147
95            2,764             662           2,102
96            1,699             398           1,302
97              934             213             721
98              426              94             332
99              135              28             107
100           4,406             776           3,630
