# Население РСФСР в начале полугодия 1944.1

# age, both genders, male, female

0         1,172,227         598,057         574,170
1         1,412,087         701,674         710,413
2         2,065,387       1,032,865       1,032,522
3         2,510,892       1,274,793       1,236,099
4         2,696,223       1,368,350       1,327,873
5         2,791,073       1,419,529       1,371,543
6         2,773,147       1,408,525       1,364,622
7         2,569,553       1,300,581       1,268,972
8         2,265,702       1,140,615       1,125,087
9         1,990,310         991,434         998,876
10        1,869,433         918,784         950,649
11        1,941,719         950,631         991,088
12        2,156,070       1,056,598       1,099,472
13        2,436,077       1,200,960       1,235,117
14        2,652,942       1,301,190       1,351,752
15        2,730,518       1,323,227       1,407,291
16        2,656,635       1,266,932       1,389,703
17        2,485,811       1,156,912       1,328,900
18        2,263,344       1,014,592       1,248,752
19        2,053,839         887,725       1,166,114
20        1,882,502         793,041       1,089,461
21        1,732,255         719,563       1,012,692
22        1,581,429         654,321         927,108
23        1,430,154         590,726         839,428
24        1,329,348         550,489         778,859
25        1,285,895         533,437         752,458
26        1,316,312         544,866         771,447
27        1,416,133         584,317         831,816
28        1,567,559         646,327         921,232
29        1,688,789         695,608         993,181
30        1,756,723         724,065       1,032,658
31        1,759,150         727,560       1,031,589
32        1,722,763         716,574       1,006,189
33        1,655,451         693,133         962,318
34        1,592,822         669,981         922,842
35        1,539,143         647,707         891,437
36        1,492,570         624,261         868,310
37        1,444,810         596,705         848,105
38        1,397,217         567,143         830,074
39        1,346,671         537,219         809,452
40        1,295,027         509,284         785,743
41        1,240,036         482,797         757,239
42        1,180,544         456,230         724,314
43        1,119,666         430,267         689,399
44        1,062,721         407,332         655,389
45        1,012,840         388,166         624,674
46          970,043         373,125         596,918
47          931,341         361,062         570,280
48          897,341         350,474         546,866
49          866,834         340,532         526,302
50          837,751         329,761         507,990
51          809,982         317,624         492,358
52          783,902         304,895         479,007
53          759,611         292,800         466,812
54          735,539         280,944         454,595
55          710,206         268,983         441,223
56          685,059         258,189         426,869
57          660,712         248,375         412,337
58          635,315         237,901         397,415
59          609,136         227,417         381,719
60          582,270         216,314         365,956
61          553,109         204,095         349,014
62          520,593         190,992         329,601
63          486,581         177,783         308,799
64          453,888         165,106         288,782
65          424,448         153,756         270,692
66          398,576         143,797         254,779
67          374,701         134,588         240,113
68          352,311         125,998         226,313
69          329,033         116,942         212,091
70          304,364         107,309         197,056
71          277,902          96,958         180,944
72          250,249          86,137         164,112
73          221,861          75,009         146,852
74          195,891          65,149         130,742
75          172,591          56,576         116,016
76          150,919          48,872         102,047
77          129,904          41,594          88,310
78          110,680          35,114          75,566
79           94,408          29,489          64,920
80           81,989          25,104          56,885
81           71,981          21,713          50,268
82           63,117          18,824          44,294
83           55,231          16,185          39,047
84           47,868          13,742          34,126
85           40,838          11,522          29,316
86           33,636           9,433          24,202
87           26,952           7,556          19,397
88           21,242           5,934          15,308
89           16,641           4,605          12,036
90           12,872           3,516           9,355
91            9,775           2,631           7,144
92            7,261           1,917           5,345
93            5,252           1,347           3,905
94            3,701             919           2,782
95            2,553             614           1,939
96            1,744             410           1,335
97            1,220             280             940
98              934             212             722
99            1,933             404           1,529
100           5,195           1,063           4,132
