# Население РСФСР в начале полугодия 1945.2

# age, both genders, male, female

0         1,295,593         664,512         631,081
1         1,095,722         558,085         537,637
2         1,151,910         578,762         573,147
3         1,528,311         749,787         778,523
4         2,249,217       1,142,770       1,106,448
5         2,511,720       1,276,840       1,234,880
6         2,688,632       1,366,139       1,322,493
7         2,756,257       1,398,081       1,358,176
8         2,652,812       1,340,461       1,312,351
9         2,389,187       1,199,982       1,189,204
10        2,084,556       1,037,728       1,046,828
11        1,866,034         916,606         949,429
12        1,842,220         895,712         946,508
13        2,011,874         980,886       1,030,988
14        2,277,832       1,119,112       1,158,719
15        2,537,592       1,248,947       1,288,645
16        2,685,623       1,308,453       1,377,171
17        2,661,465       1,268,214       1,393,251
18        2,501,978       1,152,073       1,349,905
19        2,273,018         997,756       1,275,261
20        2,024,674         839,364       1,185,310
21        1,815,385         715,510       1,099,875
22        1,664,972         640,861       1,024,112
23        1,528,486         585,951         942,535
24        1,390,158         534,504         855,654
25        1,274,659         494,338         780,321
26        1,200,126         469,512         730,615
27        1,189,889         466,604         723,284
28        1,255,917         490,525         765,391
29        1,373,785         533,620         840,165
30        1,500,982         580,186         920,796
31        1,595,478         614,656         980,822
32        1,623,553         624,961         998,592
33        1,599,883         617,465         982,419
34        1,555,300         603,244         952,056
35        1,501,201         585,114         916,087
36        1,451,531         567,041         884,490
37        1,411,999         549,406         862,593
38        1,373,241         527,711         845,530
39        1,329,682         501,381         828,301
40        1,283,553         473,714         809,840
41        1,236,396         447,765         788,631
42        1,187,345         424,774         762,572
43        1,132,998         402,626         730,372
44        1,075,133         380,859         694,274
45        1,018,963         361,124         657,839
46          969,556         344,802         624,754
47          929,823         333,057         596,767
48          896,971         325,366         571,605
49          867,717         319,928         547,789
50          840,790         314,964         525,825
51          814,538         308,632         505,907
52          787,993         299,528         488,466
53          761,559         287,967         473,593
54          735,598         275,156         460,443
55          709,894         262,054         447,840
56          684,238         249,694         434,545
57          658,852         238,874         419,978
58          634,248         229,418         404,830
59          609,983         220,559         389,424
60          584,990         211,607         373,382
61          558,412         201,885         356,527
62          528,612         190,609         338,004
63          494,376         177,537         316,840
64          457,315         163,439         293,876
65          420,289         149,383         270,906
66          386,175         136,467         249,707
67          356,781         125,352         231,430
68          330,960         115,557         215,402
69          307,031         106,456         200,575
70          284,186          97,784         186,402
71          261,434          89,212         172,222
72          237,964          80,451         157,513
73          213,831          71,487         142,344
74          189,868          62,631         127,237
75          166,925          54,240         112,685
76          146,081          46,746          99,335
77          127,125          40,091          87,034
78          108,410          33,644          74,765
79           90,329          27,486          62,842
80           74,688          22,184          52,503
81           63,333          18,358          44,975
82           56,439          16,205          40,234
83           51,537          14,740          36,797
84           46,479          13,192          33,287
85           40,024          11,205          28,818
86           33,327           9,190          24,137
87           27,424           7,491          19,933
88           22,223           6,014          16,209
89           17,737           4,754          12,983
90           13,893           3,685          10,208
91           10,639           2,792           7,848
92            7,920           2,053           5,867
93            5,687           1,454           4,233
94            3,892             975           2,917
95            2,498             611           1,886
96            1,464             350           1,115
97              744             173             571
98              294              65             228
99               65              13              51
100           4,642             852           3,789
