# Минимальная межреспубликанская миграция в РСФСР в полугодии 1942.2

# age, both genders, male, female

0                 0               0               0
1                 0               0               0
2                 0               0               0
3             5,144           4,402             742
4            23,467          15,908           7,558
5            30,564          19,955          10,609
6            21,569          14,420           7,149
7             7,295           5,694           1,601
8               283             283               0
9                 0               0               0
10            1,632               0           1,632
11            2,444               0           2,444
12              991               0             991
13            1,920               0           1,920
14            1,597               0           1,597
15            2,185               0           2,185
16              960               0             960
17                0               0               0
18                0               0               0
19                0               0               0
20                0               0               0
21                0               0               0
22                0               0               0
23                0               0               0
24                0               0               0
25                0               0               0
26                0               0               0
27                0               0               0
28                0               0               0
29                0               0               0
30                0               0               0
31                0               0               0
32                0               0               0
33                0               0               0
34                0               0               0
35                0               0               0
36                0               0               0
37                0               0               0
38                0               0               0
39                0               0               0
40                0               0               0
41                0               0               0
42                0               0               0
43                0               0               0
44                0               0               0
45                0               0               0
46              461               0             461
47            1,751               0           1,751
48            2,704               0           2,704
49            3,537               0           3,537
50            4,242               0           4,242
51            4,714               0           4,714
52            4,916               0           4,916
53            4,800               0           4,800
54            4,260               0           4,260
55            3,448               0           3,448
56            2,250               0           2,250
57              992               0             992
58              129               0             129
59                0               0               0
60                0               0               0
61                0               0               0
62                0               0               0
63                0               0               0
64                0               0               0
65                0               0               0
66                0               0               0
67                0               0               0
68                0               0               0
69                0               0               0
70                0               0               0
71                0               0               0
72                0               0               0
73                0               0               0
74                0               0               0
75                0               0               0
76                0               0               0
77                0               0               0
78                0               0               0
79                0               0               0
80                0               0               0
81                0               0               0
82                0               0               0
83                0               0               0
84                0               0               0
85                0               0               0
86                0               0               0
87                0               0               0
88                0               0               0
89                0               0               0
90                0               0               0
91                0               0               0
92                0               0               0
93                0               0               0
94                0               0               0
95                0               0               0
96                0               0               0
97                0               0               0
98                0               0               0
99                0               0               0
100               0               0               0
