# Избыточные смерти населения РСФСР в полугодии 1942.2

# age, both genders, male, female

0           343,791         186,482         157,309
1            37,526          17,106          20,420
2            25,362          11,480          13,883
3             9,911           4,326           5,586
4             9,109           5,992           3,116
5            10,091           7,569           2,522
6            10,831           8,858           1,973
7            11,738           9,929           1,808
8            17,712          11,942           5,770
9            18,526          12,882           5,643
10            7,021           5,548           1,473
11            3,385           2,113           1,272
12            3,987           2,179           1,809
13            5,923           3,584           2,338
14           18,045          15,251           2,794
15           35,544          32,437           3,107
16           52,877          49,011           3,865
17           71,939          63,311           8,628
18           84,668          72,924          11,744
19           80,050          67,733          12,317
20           73,958          60,828          13,129
21           63,402          51,533          11,869
22           54,686          43,369          11,317
23           55,158          40,959          14,199
24           56,206          40,586          15,620
25           55,459          41,237          14,222
26           63,639          47,536          16,103
27           73,072          54,938          18,134
28           73,817          57,735          16,083
29           77,218          60,842          16,376
30           79,657          62,494          17,164
31           73,574          59,807          13,767
32           65,089          55,581           9,507
33           59,875          52,493           7,383
34           53,632          49,080           4,552
35           48,651          46,470           2,181
36           46,064          44,769           1,295
37           44,339          43,305           1,034
38           41,976          41,403             574
39           39,662          38,957             704
40           37,815          36,315           1,500
41           35,946          33,336           2,610
42           33,758          30,185           3,573
43           30,982          27,051           3,930
44           26,881          23,527           3,354
45           22,051          19,759           2,292
46           17,269          15,940           1,329
47           13,964          12,521           1,443
48           11,548           9,942           1,606
49           10,086           8,329           1,758
50            9,460           7,558           1,903
51            9,606           7,559           2,048
52            9,848           7,656           2,193
53            9,677           7,339           2,338
54            9,171           6,684           2,488
55            8,822           6,179           2,642
56            8,112           5,297           2,814
57            7,379           4,396           2,983
58            7,120           3,855           3,266
59            8,185           3,725           4,460
60            9,968           4,043           5,925
61           11,964           4,675           7,289
62           13,909           5,389           8,520
63           15,512           5,942           9,570
64           16,381           6,240          10,140
65           16,643           6,318          10,325
66           16,739           6,375          10,364
67           16,364           6,243          10,122
68           15,312           5,793           9,519
69           13,991           5,215           8,776
70           12,542           4,580           7,962
71           10,688           3,750           6,938
72            8,973           3,006           5,967
73            7,744           2,534           5,210
74            6,677           2,146           4,531
75            6,062           1,943           4,118
76            5,721           1,880           3,841
77            5,277           1,777           3,500
78            4,385           1,498           2,888
79            3,082           1,054           2,028
80            1,927             652           1,275
81            1,118             371             746
82              731             252             479
83              502             193             308
84              182              95              87
85             -113              -4            -110
86             -302             -76            -226
87             -324            -103            -220
88             -210             -93            -117
89              -66             -64              -2
90               82             -27             108
91              214              12             202
92              321              47             273
93              393              72             321
94              430              87             343
95              431              91             340
96              402              86             316
97              178              38             140
98                0               0               0
99                0               0               0
100               0               0               0
