# Избыточные смерти населения СССР в полугодии 1943.2

# age, both genders, male, female

0           229,461         125,321         104,140
1            53,149          26,298          26,851
2           114,901          58,614          56,286
3            79,547          41,894          37,653
4            53,623          29,133          24,489
5            19,857          11,217           8,641
6            12,643           6,795           5,848
7             8,913           4,695           4,218
8             4,639           2,314           2,325
9             4,510           2,109           2,401
10            7,204           4,798           2,405
11           11,219           8,974           2,245
12           13,598           9,901           3,697
13           15,150          10,619           4,532
14           16,252          13,198           3,054
15           33,390          26,206           7,184
16           60,405          46,262          14,143
17           85,434          67,857          17,577
18          106,337          86,759          19,578
19          122,429          99,071          23,358
20          118,339          94,095          24,244
21          111,769          87,218          24,551
22           97,380          76,188          21,192
23           84,536          65,985          18,551
24           84,241          63,065          21,176
25           83,785          61,791          21,994
26           81,166          61,323          19,843
27           89,713          67,312          22,401
28          100,226          74,647          25,580
29          100,977          77,022          23,956
30          105,761          80,488          25,274
31          109,033          82,434          26,599
32          102,404          79,650          22,755
33           92,122          74,754          17,368
34           84,025          70,226          13,799
35           74,868          65,252           9,615
36           68,071          61,580           6,491
37           63,495          58,834           4,661
38           60,197          56,485           3,712
39           57,303          54,018           3,285
40           53,755          50,706           3,049
41           50,077          47,246           2,830
42           47,312          43,901           3,411
43           44,261          40,373           3,888
44           39,761          36,445           3,316
45           34,733          31,839           2,893
46           30,125          26,647           3,478
47           24,425          20,923           3,502
48           19,278          15,662           3,616
49           16,168          11,833           4,335
50           13,268           9,429           3,839
51           11,266           8,304           2,961
52           11,718           8,477           3,241
53           12,740           8,955           3,784
54           12,747           8,955           3,792
55           12,891           8,683           4,208
56           13,398           8,815           4,583
57           13,000           8,523           4,476
58           12,406           8,109           4,297
59           12,361           7,948           4,412
60           12,375           7,822           4,553
61           12,470           7,793           4,677
62           12,964           7,918           5,046
63           13,480           8,120           5,359
64           13,646           8,328           5,318
65           13,861           8,578           5,284
66           14,090           8,794           5,296
67           14,314           9,113           5,201
68           14,302           9,243           5,058
69           13,817           8,910           4,907
70           13,004           8,370           4,633
71           12,264           7,810           4,454
72           11,350           7,005           4,345
73           10,407           6,191           4,215
74            9,455           5,504           3,951
75            8,177           4,628           3,549
76            7,161           3,797           3,364
77            6,344           3,114           3,230
78            5,500           2,461           3,038
79            4,566           1,843           2,723
80            3,392           1,314           2,078
81            2,368             880           1,488
82            1,805             558           1,247
83            1,975             545           1,430
84            2,089             576           1,513
85            1,695             428           1,267
86            1,153             253             900
87              588             103             485
88              221              42             179
89              119              39              80
90              109              37              73
91              128              60              68
92              183             103              79
93              274             135             139
94              353             151             202
95              395             149             246
96              392             133             259
97              349             107             242
98              147              44             104
99                0               0               0
100               0               0               0
