# Население СССР в начале полугодия 1946.1

# age, both genders, male, female

0         2,819,055       1,445,439       1,373,616
1         2,527,549       1,287,897       1,239,651
2         2,210,532       1,114,329       1,096,203
3         2,422,624       1,181,969       1,240,655
4         3,331,596       1,635,316       1,696,279
5         4,125,938       2,061,624       2,064,314
6         4,444,129       2,218,630       2,225,499
7         4,615,307       2,302,291       2,313,016
8         4,578,205       2,281,997       2,296,208
9         4,283,486       2,135,005       2,148,482
10        3,860,988       1,924,748       1,936,240
11        3,472,868       1,729,295       1,743,573
12        3,280,299       1,626,534       1,653,765
13        3,374,036       1,667,012       1,707,024
14        3,662,454       1,808,273       1,854,181
15        4,012,427       1,977,465       2,034,962
16        4,291,536       2,101,717       2,189,819
17        4,374,476       2,114,105       2,260,370
18        4,241,258       2,006,824       2,234,434
19        3,976,047       1,822,009       2,154,038
20        3,646,840       1,604,509       2,042,331
21        3,319,706       1,399,169       1,920,537
22        3,057,535       1,248,932       1,808,603
23        2,832,078       1,140,155       1,691,923
24        2,587,784       1,033,467       1,554,317
25        2,357,156         937,870       1,419,286
26        2,177,777         865,307       1,312,470
27        2,087,253         827,721       1,259,532
28        2,118,986         836,416       1,282,570
29        2,257,374         887,130       1,370,244
30        2,443,167         957,334       1,485,833
31        2,614,033       1,022,798       1,591,235
32        2,707,945       1,059,395       1,648,550
33        2,707,399       1,061,032       1,646,366
34        2,671,743       1,052,416       1,619,327
35        2,619,845       1,039,344       1,580,501
36        2,563,176       1,024,193       1,538,983
37        2,512,372       1,008,926       1,503,446
38        2,455,156         984,973       1,470,182
39        2,376,101         945,627       1,430,474
40        2,284,585         897,968       1,386,617
41        2,191,352         849,783       1,341,569
42        2,106,840         808,577       1,298,263
43        2,031,578         773,207       1,258,371
44        1,958,440         738,077       1,220,363
45        1,886,519         704,600       1,181,920
46        1,815,343         674,622       1,140,721
47        1,744,203         649,996       1,094,207
48        1,666,991         631,957       1,035,034
49        1,581,843         618,901         962,942
50        1,496,312         607,898         888,414
51        1,418,397         595,989         822,408
52        1,355,843         580,266         775,577
53        1,307,948         559,805         748,143
54        1,266,485         536,351         730,134
55        1,227,798         511,216         716,582
56        1,188,579         485,652         702,926
57        1,145,609         460,858         684,751
58        1,098,578         436,440         662,138
59        1,050,087         411,483         638,605
60        1,001,369         386,564         614,804
61          953,546         362,352         591,193
62          907,734         339,498         568,236
63          864,526         318,053         546,472
64          823,159         297,533         525,626
65          782,513         277,772         504,741
66          741,466         258,628         482,838
67          698,895         239,964         458,931
68          653,959         221,784         432,176
69          607,123         204,146         402,977
70          559,460         186,983         372,476
71          512,059         170,223         341,835
72          465,911         153,756         312,155
73          419,463         136,693         282,770
74          371,740         118,893         252,847
75          325,180         101,674         223,506
76          282,390          86,417         195,973
77          245,825          74,444         171,380
78          213,440          65,168         148,272
79          182,433          57,071         125,362
80          154,767          50,227         104,541
81          132,665          44,802          87,863
82          118,190          40,937          77,253
83          108,623          37,950          70,674
84           99,395          34,963          64,431
85           86,562          30,389          56,173
86           70,828          24,507          46,322
87           57,194          19,427          37,768
88           45,490          15,100          30,390
89           35,551          11,473          24,078
90           27,216           8,489          18,727
91           20,330           6,085          14,245
92           14,739           4,199          10,541
93           10,298           2,761           7,537
94            6,864           1,710           5,154
95            4,299             977           3,322
96            2,473             501           1,972
97            1,252             218           1,034
98              517              73             444
99              145              15             130
100           2,118             603           1,515
