# Избыточные смерти населения СССР в полугодии 1942.1

# age, both genders, male, female

0         1,070,745         592,284         478,461
1            87,760          44,208          43,552
2            83,156          44,459          38,697
3            42,433          23,629          18,805
4            15,549           8,507           7,042
5            15,153           8,143           7,010
6             5,904           2,949           2,955
7             5,347           2,628           2,719
8             5,856           2,838           3,019
9            12,420           9,737           2,682
10           13,052          10,235           2,817
11           19,830          13,495           6,334
12           16,474          12,717           3,757
13           27,526          22,230           5,296
14           55,577          42,788          12,789
15           88,513          68,573          19,939
16          115,048          93,330          21,718
17          140,046         114,210          25,835
18          142,632         113,494          29,138
19          130,316         101,502          28,814
20          122,498          93,760          28,738
21          100,760          78,577          22,182
22           96,637          72,685          23,951
23           96,354          70,221          26,133
24           95,078          69,568          25,511
25           94,502          70,978          23,524
26          112,036          81,651          30,385
27          114,718          85,511          29,207
28          118,197          89,019          29,178
29          123,846          92,481          31,364
30          123,048          92,410          30,638
31          110,295          86,966          23,328
32          100,903          82,079          18,824
33           90,355          76,427          13,927
34           80,792          71,400           9,393
35           74,522          68,007           6,516
36           69,939          65,047           4,892
37           66,698          62,556           4,142
38           63,015          59,241           3,774
39           58,802          55,288           3,514
40           55,023          51,499           3,525
41           52,250          47,633           4,617
42           47,807          43,461           4,346
43           42,307          38,670           3,637
44           36,703          33,077           3,626
45           31,437          26,935           4,503
46           24,343          20,432           3,911
47           20,297          15,337           4,960
48           16,799          11,781           5,018
49           13,913           9,871           4,042
50           12,695           9,275           3,421
51           14,391           9,970           4,421
52           14,570          10,116           4,455
53           14,665           9,897           4,768
54           15,503          10,207           5,297
55           16,041          10,522           5,520
56           15,057           9,883           5,174
57           14,816           9,607           5,210
58           14,783           9,425           5,358
59           14,862           9,329           5,533
60           15,120           9,375           5,745
61           15,925           9,604           6,321
62           16,232           9,838           6,395
63           16,457          10,115           6,342
64           16,730          10,408           6,322
65           17,003          10,683           6,321
66           17,192          11,078           6,114
67           16,895          10,902           5,993
68           16,073          10,362           5,711
69           15,080           9,670           5,410
70           14,210           8,939           5,271
71           12,946           7,823           5,122
72           11,958           7,032           4,926
73           10,555           6,071           4,483
74            9,097           5,015           4,082
75            8,099           4,115           3,983
76            7,058           3,335           3,723
77            6,081           2,564           3,517
78            4,766           1,871           2,894
79            3,397           1,300           2,097
80            2,390             829           1,561
81            2,170             606           1,564
82            2,529             707           1,821
83            2,304             610           1,694
84            1,705             404           1,301
85            1,050             211             840
86              418              65             353
87              180              49             131
88              135              45              90
89              135              51              84
90              179              99              80
91              273             145             128
92              379             174             205
93              454             182             272
94              478             170             307
95              449             144             304
96              375             112             263
97                0               0               0
98                0               0               0
99                0               0               0
100               0               0               0
