# Избыточные смерти населения СССР в 1941-1945 гг. по возрасту в момент смерти

# age, both genders, male, female

0         2,986,281       1,628,448       1,357,834
1           439,450         218,357         221,093
2           475,916         246,565         229,352
3           460,786         242,991         217,796
4           307,028         164,355         142,673
5           187,751         102,108          85,643
6            96,307          52,105          44,202
7            58,851          30,534          28,316
8            48,898          26,257          22,641
9            56,123          37,361          18,761
10           73,111          52,579          20,531
11           96,096          69,297          26,798
12          111,140          83,647          27,493
13          152,355         117,302          35,053
14          250,919         193,366          57,553
15          398,351         311,390          86,961
16          577,009         459,410         117,599
17          754,899         606,784         148,114
18          876,005         705,790         170,215
19          915,800         732,594         183,206
20          891,339         704,674         186,664
21          811,983         637,070         174,913
22          744,699         576,599         168,100
23          699,354         532,856         166,499
24          670,889         506,640         164,250
25          678,427         510,668         167,759
26          720,179         540,684         179,495
27          757,028         571,870         185,158
28          798,997         606,393         192,604
29          837,206         635,561         201,645
30          842,922         644,259         198,664
31          816,706         634,215         182,492
32          769,191         611,064         158,126
33          702,526         576,686         125,841
34          634,229         540,828          93,401
35          577,864         510,002          67,862
36          532,105         483,670          48,434
37          497,597         461,497          36,100
38          468,550         439,212          29,338
39          440,752         415,063          25,689
40          414,282         389,471          24,811
41          388,664         362,169          26,495
42          360,539         333,293          27,246
43          328,403         301,717          26,685
44          292,718         266,195          26,523
45          252,991         226,325          26,666
46          211,002         184,090          26,911
47          174,239         144,638          29,601
48          142,746         111,806          30,940
49          117,767          88,340          29,427
50          103,397          75,486          27,910
51           98,677          71,088          27,589
52           98,085          70,232          27,853
53          100,058          70,192          29,866
54          103,056          70,430          32,626
55          104,081          69,816          34,265
56          102,982          68,043          34,939
57          101,509          66,293          35,217
58           99,881          64,526          35,355
59           98,918          63,095          35,823
60           99,862          62,680          37,181
61          102,328          63,093          39,234
62          104,955          64,135          40,820
63          107,496          65,677          41,819
64          109,708          67,439          42,270
65          111,451          69,374          42,077
66          112,815          71,308          41,506
67          112,723          71,992          40,731
68          110,375          70,938          39,437
69          106,093          68,219          37,874
70          100,350          63,879          36,471
71           93,511          58,348          35,163
72           86,432          52,604          33,828
73           78,362          46,397          31,965
74           69,798          39,920          29,877
75           61,759          33,731          28,029
76           54,047          27,770          26,277
77           46,875          22,240          24,635
78           39,317          17,261          22,056
79           31,246          12,835          18,410
80           23,799           9,054          14,745
81           18,766           6,447          12,319
82           16,577           5,122          11,455
83           15,336           4,297          11,038
84           13,690           3,562          10,128
85           10,822           2,638           8,184
86            7,095           1,590           5,505
87            4,013             855           3,158
88            2,073             459           1,614
89            1,182             354             828
90            1,081             478             604
91            1,392             685             707
92            1,894             909             985
93            2,431           1,078           1,353
94            2,833           1,132           1,701
95            2,968           1,072           1,897
96            2,626             879           1,747
97            1,692             542           1,150
98              895             275             620
99              306              92             215
100               0               0               0
