# Избыточные смерти населения СССР в полугодии 1941.2

# age, both genders, male, female

0           268,420         141,933         126,488
1           107,848          56,810          51,038
2            72,511          39,403          33,107
3            26,777          15,125          11,652
4            17,158           9,221           7,937
5            12,038           6,339           5,698
6             6,292           3,139           3,153
7             6,122           2,861           3,261
8             9,822           6,561           3,261
9            15,223          12,175           3,048
10           18,503          13,459           5,043
11           20,526          14,399           6,127
12           22,124          17,970           4,155
13           45,488          35,691           9,797
14           82,180          62,941          19,239
15          116,098          92,239          23,859
16          145,301         118,705          26,596
17          167,445         135,726          31,719
18          198,958         166,063          32,894
19          200,083         166,762          33,321
20          174,283         145,574          28,708
21          151,354         126,164          25,190
22          149,353         120,604          28,750
23          148,030         118,187          29,843
24          144,209         117,301          26,908
25          159,313         128,863          30,450
26          177,507         142,808          34,699
27          179,866         147,357          32,509
28          188,297         153,986          34,312
29          193,769         157,676          36,094
30          183,123         152,295          30,828
31          166,486         142,943          23,543
32          152,965         134,271          18,694
33          137,783         124,764          13,020
34          126,547         117,757           8,790
35          118,822         112,507           6,316
36          113,053         108,020           5,033
37          107,747         103,291           4,456
38          101,086          96,950           4,136
39           94,176          90,336           3,840
40           88,572          83,936           4,637
41           82,458          77,184           5,274
42           74,161          69,667           4,495
43           64,774          60,848           3,926
44           55,639          50,912           4,727
45           44,705          39,959           4,746
46           34,826          29,911           4,915
47           28,483          22,601           5,882
48           23,220          18,017           5,203
49           19,892          15,878           4,014
50           20,627          16,222           4,405
51           22,265          17,130           5,135
52           22,158          17,009           5,149
53           22,167          16,453           5,714
54           19,349          13,129           6,220
55           17,634          11,562           6,072
56           16,834          11,002           5,832
57           16,773          10,785           5,989
58           16,793          10,614           6,179
59           16,923          10,576           6,347
60           17,598          10,747           6,851
61           18,294          11,021           7,273
62           18,520          11,304           7,216
63           18,812          11,642           7,170
64           19,122          11,936           7,187
65           19,425          12,369           7,056
66           19,406          12,542           6,864
67           18,745          12,088           6,658
68           17,640          11,354           6,286
69           16,637          10,594           6,043
70           15,394           9,499           5,895
71           14,116           8,397           5,719
72           12,822           7,463           5,359
73           11,087           6,274           4,813
74            9,712           5,147           4,565
75            8,602           4,221           4,381
76            7,457           3,335           4,122
77            6,188           2,496           3,691
78            4,595           1,779           2,815
79            3,206           1,191           2,015
80            2,447             755           1,692
81            2,682             740           1,942
82            2,833             780           2,053
83            2,296             579           1,717
84            1,561             342           1,218
85              793             139             655
86              299              57             241
87              161              54             108
88              148              50              98
89              174              82              92
90              249             141             108
91              372             184             189
92              479             205             274
93              536             202             334
94              532             180             352
95              473             146             328
96              198              59             139
97                0               0               0
98                0               0               0
99                0               0               0
100               0               0               0
