# Население СССР в начале полугодия 1944.2

# age, both genders, male, female

0         2,608,755       1,331,484       1,277,272
1         2,462,358       1,229,052       1,233,306
2         2,709,704       1,301,237       1,408,467
3         4,143,339       2,073,168       2,070,171
4         4,480,938       2,241,377       2,239,561
5         4,696,217       2,348,035       2,348,181
6         4,712,080       2,352,664       2,359,416
7         4,517,013       2,253,217       2,263,796
8         4,120,449       2,055,448       2,065,001
9         3,680,833       1,835,375       1,845,457
10        3,367,857       1,674,370       1,693,487
11        3,322,199       1,645,937       1,676,262
12        3,537,065       1,751,701       1,785,364
13        3,878,485       1,918,415       1,960,070
14        4,215,780       2,077,006       2,138,774
15        4,412,260       2,155,763       2,256,497
16        4,406,539       2,124,083       2,282,456
17        4,233,025       1,998,583       2,234,442
18        3,955,400       1,814,479       2,140,920
19        3,641,955       1,618,669       2,023,286
20        3,363,741       1,453,137       1,910,604
21        3,121,783       1,321,712       1,800,071
22        2,878,390       1,206,530       1,671,860
23        2,614,885       1,088,570       1,526,315
24        2,387,672         989,695       1,397,978
25        2,246,773         928,938       1,317,835
26        2,215,681         912,355       1,303,326
27        2,304,396         944,092       1,360,304
28        2,487,885       1,016,248       1,471,637
29        2,690,507       1,097,695       1,592,813
30        2,832,230       1,155,215       1,677,015
31        2,882,214       1,177,580       1,704,634
32        2,863,157       1,174,764       1,688,393
33        2,810,703       1,161,050       1,649,653
34        2,741,899       1,140,968       1,600,932
35        2,678,395       1,121,141       1,557,254
36        2,615,669       1,097,208       1,518,461
37        2,539,386       1,061,189       1,478,197
38        2,446,646       1,013,286       1,433,360
39        2,348,530         961,431       1,387,099
40        2,254,934         913,198       1,341,736
41        2,171,193         871,597       1,299,596
42        2,092,963         832,494       1,260,469
43        2,017,030         793,859       1,223,170
44        1,941,940         757,804       1,184,136
45        1,866,049         725,828       1,140,220
46        1,786,847         699,399       1,087,448
47        1,699,943         678,475       1,021,469
48        1,606,802         660,557         946,244
49        1,517,961         643,806         874,154
50        1,443,838         626,308         817,529
51        1,386,404         605,783         780,621
52        1,340,765         582,705         758,060
53        1,302,556         558,988         743,567
54        1,267,051         535,117         731,934
55        1,227,187         510,163         717,023
56        1,182,908         485,453         697,455
57        1,136,215         461,024         675,191
58        1,087,541         435,514         652,027
59        1,038,967         410,170         628,797
60          992,787         386,230         606,557
61          949,292         363,802         585,490
62          908,356         342,638         565,718
63          869,361         322,493         546,867
64          830,596         303,160         527,436
65          790,359         284,386         505,973
66          748,050         266,195         481,856
67          703,329         248,526         454,804
68          657,024         231,512         425,513
69          609,777         214,565         395,211
70          562,529         197,229         365,300
71          515,142         179,239         335,903
72          466,036         159,993         306,043
73          415,669         139,903         275,767
74          366,975         120,851         246,124
75          323,193         104,795         218,397
76          284,670          92,011         192,660
77          248,556          81,263         167,293
78          214,421          71,860         142,562
79          184,315          63,752         120,562
80          159,168          56,312         102,857
81          140,230          49,932          90,298
82          126,281          45,015          81,266
83          113,910          40,626          73,284
84           98,758          34,930          63,828
85           82,655          28,813          53,842
86           68,211          23,363          44,848
87           55,104          18,474          36,630
88           43,590          14,279          29,310
89           33,836          10,816          23,020
90           25,851           8,000          17,851
91           19,258           5,691          13,567
92           13,826           3,855           9,970
93            9,530           2,497           7,033
94            6,310           1,548           4,762
95            3,944             923           3,021
96            2,325             542           1,782
97            1,329             330             999
98              792             221             571
99            1,069             318             751
100           4,339           1,296           3,042
