# Избыточные смерти населения СССР в полугодии 1942.2

# age, both genders, male, female

0         1,083,888         593,662         490,227
1           141,146          72,005          69,141
2            96,901          51,039          45,862
3            65,236          35,446          29,789
4            24,124          13,626          10,498
5            15,409           8,281           7,128
6            10,837           5,708           5,129
7             5,653           2,820           2,833
8             5,497           2,570           2,927
9             8,800           5,870           2,930
10           13,672          10,935           2,737
11           16,594          12,077           4,517
12           18,449          12,936           5,513
13           19,838          16,111           3,726
14           40,772          31,996           8,777
15           73,710          56,453          17,257
16          104,193          82,768          21,424
17          130,418         106,546          23,873
18          150,885         122,409          28,476
19          145,916         116,372          29,544
20          137,804         107,882          29,923
21          120,011          94,206          25,805
22          104,233          81,618          22,616
23          103,827          78,013          25,813
24          103,246          76,444          26,803
25          100,042          75,868          24,174
26          110,635          83,311          27,323
27          123,527          92,358          31,168
28          124,494          95,298          29,195
29          130,394          99,586          30,808
30          134,399         101,983          32,416
31          126,230          98,521          27,709
32          113,623          92,468          21,155
33          103,665          86,863          16,803
34           92,417          80,712          11,706
35           84,077          76,174           7,902
36           78,454          72,778           5,676
37           74,396          69,874           4,522
38           70,820          66,818           4,003
39           66,434          62,719           3,715
40           61,889          58,440           3,449
41           58,461          54,300           4,161
42           54,672          49,935           4,738
43           49,113          45,074           4,039
44           42,899          39,373           3,526
45           37,190          32,948           4,242
46           30,130          25,865           4,265
47           23,772          19,362           4,410
48           19,912          14,629           5,283
49           16,335          11,659           4,676
50           13,879          10,272           3,607
51           14,443          10,490           3,953
52           15,691          11,079           4,612
53           15,625          11,002           4,623
54           15,727          10,597           5,130
55           16,330          10,744           5,586
56           15,840          10,386           5,454
57           15,119           9,882           5,237
58           15,064           9,686           5,378
59           15,082           9,533           5,549
60           15,198           9,498           5,700
61           15,802           9,651           6,151
62           16,429           9,897           6,532
63           16,632          10,151           6,481
64           16,894          10,455           6,439
65           17,173          10,718           6,454
66           17,445          11,107           6,338
67           17,429          11,264           6,164
68           16,837          10,857           5,980
69           15,845          10,199           5,646
70           14,944           9,516           5,428
71           13,829           8,534           5,294
72           12,680           7,543           5,137
73           11,519           6,705           4,814
74            9,962           5,638           4,324
75            8,725           4,625           4,100
76            7,728           3,793           3,935
77            6,700           2,998           3,702
78            5,561           2,244           3,317
79            4,130           1,600           2,531
80            2,883           1,071           1,811
81            2,199             679           1,520
82            2,408             664           1,743
83            2,545             701           1,844
84            2,064             520           1,544
85            1,403             308           1,095
86              714             125             589
87              269              52             217
88              145              48              97
89              133              45              88
90              156              73              83
91              223             126              97
92              334             165             169
93              430             184             246
94              481             182             300
95              478             162             316
96              425             131             295
97              179              53             125
98                0               0               0
99                0               0               0
100               0               0               0
