# Дефицит населения СССР на начало 1946 года

# age, both genders, male, female

0         5,655,434       2,912,576       2,742,858
1         4,566,999       2,350,469       2,216,531
2         3,489,827       1,797,637       1,692,190
3         2,387,906       1,230,120       1,157,785
4         1,363,532         701,444         662,088
5           660,528         339,894         320,634
6           538,844         287,813         251,030
7           278,294         154,753         123,541
8           101,672          55,654          46,018
9            99,103          53,209          45,894
10           39,439          19,726          19,713
11           35,190          17,294          17,896
12           38,387          18,479          19,908
13           81,511          63,790          17,721
14           86,116          67,548          18,568
15          130,468          88,854          41,614
16          108,578          83,639          24,938
17          179,762         145,239          34,523
18          363,145         279,593          83,552
19          576,214         445,372         130,842
20          737,446         594,888         142,558
21          878,050         708,719         169,331
22          933,379         742,170         191,209
23          899,222         710,187         189,036
24          845,174         656,365         188,809
25          695,832         550,096         145,736
26          664,894         508,116         156,778
27          661,901         490,684         171,217
28          653,336         485,946         167,389
29          648,934         495,024         153,910
30          767,742         569,041         198,700
31          787,471         596,060         191,410
32          810,726         619,884         190,842
33          848,563         643,522         205,041
34          843,382         642,741         200,641
35          757,260         604,336         152,923
36          692,801         569,579         123,222
37          620,959         529,693          91,266
38          555,554         494,017          61,537
39          512,355         469,722          42,633
40          480,456         448,496          31,960
41          457,574         430,563          27,011
42          431,669         407,081          24,587
43          402,098         379,210          22,889
44          375,367         352,495          22,872
45          355,307         325,342          29,965
46          324,424         296,140          28,284
47          286,479         262,838          23,641
48          247,677         224,228          23,449
49          211,253         182,103          29,149
50          163,031         137,747          25,284
51          134,958         103,001          31,957
52          111,164          78,762          32,402
53           91,756          65,647          26,109
54           83,276          61,309          21,966
55           94,338          66,015          28,324
56           96,527          67,989          28,538
57           98,331          67,897          30,433
58           99,845          66,121          33,724
59           98,885          63,800          35,085
60           92,392          59,611          32,781
61           90,440          57,589          32,851
62           89,786          56,156          33,630
63           89,771          55,226          34,545
64           90,746          55,118          35,628
65           94,999          56,055          38,944
66           96,105          56,973          39,132
67           96,553          58,065          38,488
68           97,157          59,153          38,004
69           97,633          60,014          37,619
70           97,434          61,451          35,983
71           94,500          59,673          34,827
72           88,617          55,878          32,739
73           81,829          51,298          30,531
74           75,827          46,599          29,228
75           67,891          40,013          27,878
76           61,561          35,251          26,309
77           53,361          29,853          23,508
78           45,162          24,178          20,984
79           39,519          19,440          20,079
80           33,850          15,444          18,406
81           28,986          11,778          17,208
82           23,018           8,727          14,291
83           16,810           6,246          10,565
84           12,024           4,068           7,955
85           10,813           2,933           7,880
86           12,291           3,321           8,970
87           10,842           2,756           8,086
88            7,725           1,745           5,980
89            4,575             865           3,710
90            1,750             253           1,497
91              701             175             526
92              488             152             336
93              454             156             297
94              552             288             264
95              794             404             390
96            1,044             461             583
97            1,187             459             729
98            1,184             409             775
99            1,056             329             727
100             868             250             618
