# Население СССР в начале полугодия 1941.2

# age, both genders, male, female

0         6,053,256       3,071,685       2,981,571
1         5,479,388       2,760,087       2,719,301
2         5,301,246       2,668,800       2,632,445
3         5,017,898       2,515,932       2,501,966
4         4,741,765       2,370,792       2,370,973
5         4,286,983       2,142,557       2,144,426
6         3,786,529       1,890,216       1,896,313
7         3,453,688       1,717,941       1,735,748
8         3,418,078       1,703,424       1,714,653
9         3,657,220       1,835,526       1,821,693
10        4,015,377       2,008,631       2,006,747
11        4,364,160       2,172,143       2,192,017
12        4,569,969       2,268,454       2,301,515
13        4,680,378       2,323,827       2,356,551
14        4,689,262       2,332,868       2,356,395
15        4,578,097       2,291,426       2,286,671
16        4,395,366       2,212,222       2,183,144
17        4,205,565       2,109,621       2,095,945
18        3,968,201       1,977,441       1,990,760
19        3,691,402       1,828,079       1,863,322
20        3,325,694       1,632,435       1,693,259
21        3,008,851       1,462,604       1,546,247
22        2,864,357       1,381,205       1,483,152
23        2,831,081       1,356,233       1,474,848
24        2,905,425       1,386,082       1,519,343
25        3,152,965       1,501,952       1,651,013
26        3,431,496       1,635,745       1,795,751
27        3,582,508       1,711,557       1,870,951
28        3,667,354       1,759,106       1,908,248
29        3,671,964       1,770,794       1,901,170
30        3,575,376       1,738,877       1,836,499
31        3,438,285       1,686,385       1,751,901
32        3,321,292       1,636,763       1,684,530
33        3,197,877       1,579,906       1,617,970
34        3,076,382       1,519,522       1,556,859
35        2,952,828       1,453,171       1,499,657
36        2,832,369       1,385,516       1,446,852
37        2,719,152       1,320,732       1,398,420
38        2,611,315       1,256,880       1,354,435
39        2,507,965       1,194,447       1,313,518
40        2,412,980       1,133,170       1,279,810
41        2,316,725       1,073,234       1,243,490
42        2,209,977       1,014,792       1,195,185
43        2,096,376         957,480       1,138,896
44        1,977,927         901,947       1,075,980
45        1,845,655         845,847         999,808
46        1,721,892         794,203         927,689
47        1,627,146         751,648         875,498
48        1,551,176         715,760         835,416
49        1,493,537         686,049         807,488
50        1,460,516         664,747         795,769
51        1,434,280         645,588         788,692
52        1,397,266         622,551         774,715
53        1,357,080         598,273         758,807
54        1,312,439         572,416         740,023
55        1,261,217         544,017         717,200
56        1,209,946         515,982         693,964
57        1,165,006         491,087         673,919
58        1,123,525         467,987         655,538
59        1,085,609         446,865         638,744
60        1,052,812         427,831         624,981
61        1,020,566         410,112         610,454
62          984,444         392,947         591,497
63          946,527         376,717         569,811
64          906,143         360,901         545,242
65          864,070         346,724         517,346
66          819,218         331,307         487,911
67          770,637         311,966         458,672
68          718,897         290,002         428,895
69          664,693         265,805         398,887
70          606,443         238,001         368,442
71          548,890         210,813         338,077
72          496,133         187,862         308,271
73          445,825         167,104         278,721
74          398,463         148,678         249,785
75          353,070         132,547         220,523
76          311,139         117,871         193,268
77          273,696         103,839         169,857
78          239,521          90,613         148,908
79          208,449          78,133         130,316
80          179,922          65,967         113,955
81          155,265          55,440          99,825
82          133,788          46,871          86,917
83          113,706          39,122          74,584
84           94,466          31,989          62,477
85           75,881          25,471          50,410
86           60,353          20,357          39,996
87           48,723          16,328          32,395
88           39,138          12,731          26,407
89           30,844           9,839          21,005
90           24,093           7,723          16,369
91           19,073           6,057          13,016
92           15,118           4,749          10,370
93           12,026           3,755           8,271
94            9,625           3,000           6,625
95            7,783           2,425           5,357
96            6,418           1,991           4,427
97            5,404           1,660           3,743
98            4,678           1,437           3,242
99            4,197           1,280           2,916
100           5,930           1,804           4,126
