# age, both genders, male, female

# Таблица построена дезагрегацией данных АДХ при помощи модуля rtss.data.population.synthetic.PopulationADH

0    2,695,638       1,374,119       1,321,519      
1    2,659,804       1,355,110       1,304,694      
2    2,630,922       1,339,658       1,291,264      
3    2,602,318       1,324,348       1,277,970      
4    2,567,318       1,305,765       1,261,553      
5    2,519,249       1,280,495       1,238,755      
6    2,451,437       1,245,121       1,206,316      
7    2,353,901       1,194,550       1,159,351      
8    2,141,636       1,085,615       1,056,021      
9    1,790,776       906,219         884,557        
10   1,409,875       711,496         698,379        
11   1,113,751       559,760         553,990        
12   1,017,181       509,345         507,836        
13   1,193,542       598,276         595,267        
14   1,574,651       792,123         782,528        
15   2,044,743       1,031,321       1,013,422      
16   2,487,537       1,256,013       1,231,524      
17   2,786,754       1,406,340       1,380,414      
18   2,832,223       1,426,076       1,406,147      
19   2,615,743       1,313,250       1,302,493      
20   2,266,864       1,133,248       1,133,616      
21   1,933,647       959,500         974,147        
22   1,762,980       865,230         897,750        
23   1,827,494       894,985         932,510        
24   2,039,015       1,007,038       1,031,978      
25   2,293,973       1,140,209       1,153,764      
26   2,491,119       1,234,201       1,256,918      
27   2,538,816       1,237,338       1,301,478      
28   2,434,233       1,154,814       1,279,419      
29   2,238,858       1,020,438       1,218,421      
30   2,003,528       867,252         1,136,276      
31   1,778,174       728,299         1,049,875      
32   1,610,516       635,241         975,275        
33   1,483,379       578,192         905,187        
34   1,353,403       526,017         827,386        
35   1,235,086       481,408         753,678        
36   1,146,378       449,158         697,220        
37   1,105,331       434,067         671,264        
38   1,132,749       442,171         690,578        
39   1,224,456       473,196         751,260        
40   1,344,013       514,323         829,690        
41   1,452,511       551,400         901,111        
42   1,511,257       570,421         940,836        
43   1,506,353       567,825         938,528        
44   1,469,866       555,031         914,835        
45   1,417,800       536,529         881,271        
46   1,362,746       515,827         846,919        
47   1,316,826       496,227         820,599        
48   1,277,723       475,214         802,509        
49   1,234,905       449,203         785,702        
50   1,188,991       420,700         768,292        
51   1,141,310       392,550         748,760        
52   1,093,018       367,486         725,533        
53   1,041,022       344,813         696,208        
54   983,659         322,451         661,207        
55   925,313         301,364         623,949        
56   870,673         282,696         587,977        
57   824,309         267,588         556,721        
58   786,692         256,633         530,060        
59   754,013         248,719         505,294        
60   724,231         242,158         482,073        
61   695,459         235,252         460,207        
62   665,856         226,328         439,528        
63   635,123         214,741         420,382        
64   604,330         201,521         402,809        
65   573,708         187,689         386,019        
66   543,421         174,241         369,181        
67   513,645         162,152         351,493        
68   484,716         151,703         333,013        
69   456,509         142,214         314,295        
70   428,380         133,146         295,234        
71   399,661         123,978         275,683        
72   369,635         114,185         255,450        
73   336,612         103,246         233,367        
74   300,712         91,446          209,266        
75   264,493         79,642          184,851        
76   230,621         68,710          161,912        
77   201,620         59,479          142,141        
78   175,991         51,437          124,554        
79   151,275         43,733          107,542        
80   129,074         36,862          92,212         
81   111,220         31,394          79,826         
82   99,412          27,856          71,556         
83   91,496          25,558          65,938         
84   83,798          23,330          60,468         
85   72,415          19,814          52,601         
86   58,131          15,335          42,796         
87   45,978          11,660          34,319         
88   35,752          8,686           27,066         
89   27,253          6,318           20,935         
90   20,295          4,469           15,826         
91   14,696          3,056           11,640         
92   10,284          2,006           8,279          
93   6,898           1,251           5,648          
94   4,383           730             3,653          
95   2,592           391             2,201          
96   1,388           186             1,202          
97   642             74              568            
98   234             22              212            
99   54              4               51             
100  4               0               4              
