Таблица построена по данным АДХ-РСФСР модулем rtss.data.mortality.synthetic.MortalityTableADH
# Возраст в годах, Числа доживающих до возраста х лет, Числа умирающих при переходе от возраста x к возрасту х+1 лет, Вероятность умереть в течение предстоящего года жизни, Вероятность дожить до возраста х+1 лет, Числа живущих в возрасте х лет, Числа прожитых человеколет, Средняя продолжительность предстоящей жизни
# x, lx, dx, qx, px, Lx, Tx, ex

0       100000  14190   0.14190 0.85810 92905   4961301 49.61
1       85810   3596    0.04191 0.95809 84012   4868396 56.73
2       82214   1283    0.01560 0.98440 81573   4784384 58.19
3       80931   620     0.00766 0.99234 80621   4702811 58.11
4       80311   388     0.00484 0.99516 80117   4622190 57.55
5       79923   296     0.00371 0.99629 79769   4542073 56.83
6       79627   254     0.00319 0.99681 79497   4462304 56.04
7       79373   230     0.00290 0.99710 79256   4382807 55.22
8       79143   213     0.00270 0.99730 79035   4303551 54.38
9       78930   198     0.00251 0.99749 78830   4224515 53.52
10      78732   184     0.00234 0.99766 78639   4145686 52.66
11      78548   174     0.00221 0.99779 78460   4067047 51.78
12      78374   167     0.00214 0.99786 78290   3988586 50.89
13      78207   166     0.00213 0.99787 78124   3910296 50.00
14      78041   171     0.00219 0.99781 77956   3832172 49.10
15      77870   180     0.00231 0.99769 77781   3754216 48.21
16      77690   194     0.00250 0.99750 77594   3676435 47.32
17      77496   213     0.00275 0.99725 77391   3598840 46.44
18      77283   236     0.00305 0.99695 77167   3521449 45.57
19      77047   261     0.00339 0.99661 76919   3444282 44.70
20      76786   289     0.00376 0.99624 76644   3367364 43.85
21      76497   315     0.00412 0.99588 76342   3290720 43.02
22      76182   339     0.00445 0.99555 76014   3214378 42.19
23      75843   359     0.00473 0.99527 75665   3138364 41.38
24      75484   372     0.00493 0.99507 75299   3062699 40.57
25      75112   381     0.00508 0.99492 74922   2987400 39.77
26      74731   388     0.00519 0.99481 74538   2912478 38.97
27      74343   393     0.00529 0.99471 74147   2837940 38.17
28      73950   400     0.00540 0.99460 73751   2763793 37.37
29      73550   407     0.00554 0.99446 73347   2690043 36.57
30      73143   416     0.00569 0.99431 72936   2616696 35.78
31      72727   427     0.00588 0.99412 72514   2543760 34.98
32      72300   439     0.00608 0.99392 72082   2471245 34.18
33      71861   453     0.00630 0.99370 71636   2399164 33.39
34      71408   468     0.00655 0.99345 71175   2327528 32.59
35      70940   484     0.00682 0.99318 70699   2256353 31.81
36      70456   502     0.00712 0.99288 70207   2185653 31.02
37      69954   522     0.00746 0.99254 69695   2115447 30.24
38      69432   544     0.00784 0.99216 69162   2045752 29.46
39      68888   569     0.00827 0.99173 68606   1976590 28.69
40      68319   599     0.00876 0.99124 68022   1907984 27.93
41      67720   632     0.00934 0.99066 67407   1839962 27.17
42      67088   671     0.01000 0.99000 66756   1772555 26.42
43      66417   715     0.01077 0.98923 66063   1705799 25.68
44      65702   764     0.01163 0.98837 65324   1639736 24.96
45      64938   816     0.01257 0.98743 64534   1574412 24.24
46      64122   869     0.01355 0.98645 63692   1509877 23.55
47      63253   919     0.01453 0.98547 62798   1446185 22.86
48      62334   965     0.01548 0.98452 61855   1383388 22.19
49      61369   1005    0.01638 0.98362 60870   1321533 21.53
50      60364   1040    0.01723 0.98277 59847   1260663 20.88
51      59324   1070    0.01804 0.98196 58791   1200817 20.24
52      58254   1099    0.01886 0.98114 57707   1142025 19.60
53      57155   1127    0.01972 0.98028 56594   1084318 18.97
54      56028   1157    0.02065 0.97935 55452   1027724 18.34
55      54871   1191    0.02171 0.97829 54279   972272  17.72
56      53680   1233    0.02296 0.97704 53067   917993  17.10
57      52447   1282    0.02444 0.97556 51810   864926  16.49
58      51165   1340    0.02619 0.97381 50500   813116  15.89
59      49825   1405    0.02819 0.97181 49128   762616  15.31
60      48420   1473    0.03041 0.96959 47689   713488  14.74
61      46947   1537    0.03273 0.96727 46183   665799  14.18
62      45410   1592    0.03506 0.96494 44618   619615  13.64
63      43818   1635    0.03731 0.96269 43004   574997  13.12
64      42183   1666    0.03949 0.96051 41352   531993  12.61
65      40517   1688    0.04165 0.95835 39675   490641  12.11
66      38829   1707    0.04397 0.95603 37977   450967  11.61
67      37122   1730    0.04659 0.95341 36259   412989  11.13
68      35392   1757    0.04963 0.95037 34516   376730  10.64
69      33635   1788    0.05315 0.94685 32744   342214  10.17
70      31847   1820    0.05714 0.94286 30939   309471  9.72
71      30027   1846    0.06146 0.93854 29106   278531  9.28
72      28181   1860    0.06602 0.93398 27252   249426  8.85
73      26321   1862    0.07074 0.92926 25390   222174  8.44
74      24459   1850    0.07564 0.92436 23533   196784  8.05
75      22609   1828    0.08086 0.91914 21693   173252  7.66
76      20781   1801    0.08667 0.91333 19878   151559  7.29
77      18980   1771    0.09332 0.90668 18092   131681  6.94
78      17209   1738    0.10098 0.89902 16337   113589  6.60
79      15471   1697    0.10967 0.89033 14619   97252   6.29
80      13774   1642    0.11920 0.88080 12948   82633   6.00
81      12132   1566    0.12906 0.87094 11342   69686   5.74
82      10566   1465    0.13870 0.86130 9824    58344   5.52
83      9101    1343    0.14758 0.85242 8419    48520   5.33
84      7758    1205    0.15532 0.84468 7144    40101   5.17
85      6553    1060    0.16172 0.83828 6011    32958   5.03
86      5493    917     0.16688 0.83312 5023    26947   4.91
87      4576    782     0.17094 0.82906 4174    21924   4.79
88      3794    660     0.17407 0.82593 3454    17749   4.68
89      3134    553     0.17646 0.82354 2849    14295   4.56
90      2581    460     0.17831 0.82169 2344    11446   4.43
91      2121    381     0.17979 0.82021 1924    9102    4.29
92      1740    315     0.18108 0.81892 1577    7177    4.12
93      1425    260     0.18235 0.81765 1291    5600    3.93
94      1165    214     0.18374 0.81626 1055    4309    3.70
95      951     176     0.18536 0.81464 860     3255    3.42
96      775     145     0.18732 0.81268 700     2395    3.09
97      630     120     0.18971 0.81029 568     1694    2.69
98      510     98      0.19259 0.80741 459     1126    2.21
99      412     81      0.19601 0.80399 370     667     1.62
100     331     66      0.20000 0.80000 297     297     0.90
