# age, both genders, male, female

# Таблица построена дезагрегацией данных АДХ при помощи модуля rtss.data.population.synthetic.PopulationADH

0    3,002,168       1,523,812       1,478,356      
1    2,715,403       1,380,342       1,335,061      
2    2,511,033       1,278,606       1,232,427      
3    2,394,909       1,221,581       1,173,328      
4    2,317,458       1,181,630       1,135,828      
5    2,264,763       1,154,331       1,110,432      
6    2,200,924       1,120,095       1,080,829      
7    2,073,388       1,052,930       1,020,458      
8    1,882,157       952,836         929,321        
9    1,643,770       828,809         814,961        
10   1,433,116       719,252         713,864        
11   1,350,762       675,552         675,210        
12   1,374,903       686,886         688,017        
13   1,511,732       756,421         755,311        
14   1,764,487       885,889         878,598        
15   2,228,618       1,125,191       1,103,427      
16   2,510,878       1,269,802       1,241,076      
17   2,659,316       1,344,524       1,314,792      
18   2,658,645       1,341,417       1,317,228      
19   2,515,543       1,264,067       1,251,476      
20   2,178,175       1,086,192       1,091,983      
21   2,008,538       994,340         1,014,198      
22   1,932,428       949,875         982,553        
23   1,953,145       954,200         998,945        
24   2,065,713       1,004,392       1,061,321      
25   2,330,120       1,131,598       1,198,522      
26   2,445,832       1,177,361       1,268,471      
27   2,458,220       1,165,887       1,292,333      
28   2,361,478       1,094,857       1,266,621      
29   2,164,349       970,297         1,194,052      
30   1,838,931       776,855         1,062,076      
31   1,613,263       649,403         963,860        
32   1,436,526       555,504         881,022        
33   1,306,414       492,598         813,816        
34   1,217,866       456,640         761,226        
35   1,169,353       449,605         719,748        
36   1,151,566       448,080         703,486        
37   1,165,336       456,091         709,245        
38   1,210,974       473,413         737,561        
39   1,287,772       499,812         787,960        
40   1,416,821       541,718         875,103        
41   1,492,803       566,142         926,661        
42   1,531,429       578,093         953,336        
43   1,529,761       576,699         953,062        
44   1,489,185       562,347         926,838        
45   1,398,817       532,260         866,557        
46   1,329,716       504,996         824,720        
47   1,268,903       477,324         791,579        
48   1,217,316       449,583         767,733        
49   1,174,247       421,836         752,411        
50   1,143,019       393,338         749,681        
51   1,103,455       368,415         735,040        
52   1,059,018       346,095         712,923        
53   1,009,403       326,298         683,105        
54   955,105         308,854         646,251        
55   893,517         293,842         599,675        
56   841,608         279,970         561,638        
57   795,912         267,389         528,523        
58   756,387         256,022         500,365        
59   722,575         245,776         476,799        
60   695,426         237,008         458,418        
61   667,710         227,357         440,353        
62   640,660         217,257         423,403        
63   614,133         206,688         407,445        
64   588,071         195,690         392,381        
65   562,932         184,125         378,807        
66   536,008         172,954         363,054        
67   507,832         161,993         345,839        
68   478,410         151,244         327,166        
69   447,819         140,684         307,135        
70   416,045         130,398         285,647        
71   383,642         119,788         263,854        
72   350,578         108,981         241,597        
73   316,910         97,981          218,929        
74   282,823         86,851          195,972        
75   247,146         75,199          171,947        
76   217,056         65,430          151,626        
77   190,657         56,893          133,764        
78   167,627         49,471          118,156        
79   147,515         43,007          104,508        
80   130,289         37,449          92,840         
81   113,779         32,263          81,516         
82   98,206          27,468          70,738         
83   83,405          22,999          60,406         
84   69,319          18,820          50,499         
85   55,257          14,712          40,545         
86   44,481          11,622          32,859         
87   35,781          9,171           26,610         
88   28,807          7,241           21,566         
89   23,219          5,722           17,497         
90   18,747          4,527           14,220         
91   15,175          3,590           11,585         
92   12,331          2,856           9,475          
93   10,076          2,284           7,792          
94   8,303           1,841           6,462          
95   6,925           1,502           5,423          
96   5,876           1,248           4,628          
97   5,104           1,063           4,041          
98   4,571           936             3,635          
99   4,251           861             3,390          
100  4,099           825             3,274          
