# age, male, female, both genders

Всего                   48,842,025      60,006,930      108,848,955
0                       1,449,200       1,395,445       2,844,645
1                       1,447,619       1,390,430       2,838,049
2                       1,453,081       1,397,748       2,850,829
3                       1,438,617       1,389,447       2,828,064
4                       1,429,933       1,380,694       2,810,627
0–4                     7,218,450       6,953,764       14,172,214
5                       1,311,518       1,263,345       2,574,863
6                       1,326,727       1,281,075       2,607,802
7                       1,258,273       1,214,898       2,473,171
8                       1,263,759       1,222,165       2,485,924
9                       1,194,130       1,158,826       2,352,956
5–9                     6,354,407       6,140,309       12,494,716
10                      1,170,234       1,127,005       2,297,239
11                      962,574         931,540         1,894,114
12                      979,440         929,093         1,908,533
13                      591,692         559,692         1,151,384
14                      562,874         521,696         1,084,570
10–14                   4,266,814       4,069,026       8,335,840
15                      537,687         495,860         1,033,547
16                      738,046         696,123         1,434,169
17                      939,851         923,288         1,863,139
18                      1,030,373       1,048,072       2,078,445
19                      1,034,819       970,438         2,005,257
15–19                   4,280,776       4,133,781       8,414,557
20                      1,131,488       1,133,822       2,265,310
21                      1,066,837       959,765         2,026,602
22                      979,169         993,204         1,972,373
23                      854,796         854,240         1,709,036
24                      728,741         749,111         1,477,852
20–24                   4,761,031       4,690,142       9,451,173
25                      731,159         791,611         1,522,770
26                      832,962         896,201         1,729,163
27                      796,926         815,457         1,612,383
28                      1,001,731       1,049,031       2,050,762
29                      860,250         909,944         1,770,194
25–29                   4,223,028       4,462,244       8,685,272
30                      1,042,632       1,203,719       2,246,351
31                      811,376         889,775         1,701,151
32                      783,615         982,670         1,766,285
33                      654,411         873,004         1,527,415
34                      617,372         871,047         1,488,419
30–34                   3,909,406       4,820,215       8,729,621
35                      563,451         844,182         1,407,633
36                      472,455         752,579         1,225,034
37                      395,651         593,429         989,080
38                      411,536         649,840         1,061,376
39                      332,877         535,250         868,127
35–39                   2,175,970       3,375,280       5,551,250
40                      440,633         773,996         1,214,629
41                      260,941         412,358         673,299
42                      303,791         524,255         828,046
43                      345,160         605,531         950,691
44                      428,359         799,077         1,227,436
40–44                   1,778,884       3,115,217       4,894,101
45                      449,396         801,457         1,250,853
46                      460,354         841,108         1,301,462
47                      406,368         686,070         1,092,438
48                      487,480         897,986         1,385,466
49                      383,817         628,225         1,012,042
45–49                   2,187,415       3,854,846       6,042,261
50                      474,365         826,382         1,300,747
51                      386,149         621,328         1,007,477
52                      411,959         665,416         1,077,375
53                      366,987         613,380         980,367
54                      366,892         619,452         986,344
50–54                   2,006,352       3,345,958       5,352,310
55                      371,775         775,676         1,147,451
56                      337,059         707,705         1,044,764
57                      246,465         533,537         780,002
58                      350,429         809,412         1,159,841
59                      240,800         430,075         670,875
55–59                   1,546,528       3,256,405       4,802,933
60                      336,342         715,467         1,051,809
61                      229,796         384,013         613,809
62                      273,102         482,598         755,700
63                      267,125         471,512         738,637
64                      245,861         423,834         669,695
60–64                   1,352,226       2,477,424       3,829,650
65                      280,109         517,315         797,424
66                      235,314         408,139         643,453
67                      206,997         382,038         589,035
68                      215,108         389,865         604,973
69                      139,559         258,774         398,333
65–69                   1,077,087       1,956,131       3,033,218
70                      255,463         572,454         827,917
71                      143,808         230,757         374,565
72                      159,595         290,686         450,281
73                      140,687         260,610         401,297
74                      128,187         229,015         357,202
70–74                   827,740         1,583,522       2,411,262
75                      144,632         290,224         434,856
76                      111,085         200,518         311,603
77                      84,342          161,435         245,777
78                      100,632         183,808         284,440
79                      58,518          97,659          156,177
75–79                   499,209         933,644         1,432,853
80                      84,799          215,778         300,577
81                      41,829          64,992          106,821
82                      43,094          80,884          123,978
83                      34,753          68,379          103,132
84                      29,790          59,006          88,796
80–84                   234,265         489,039         723,304
85                      32,334          75,780          108,114
86                      22,219          47,785          70,004
87                      15,680          37,928          53,608
88                      17,458          40,717          58,175
89                      9,164           21,574          30,738
85–89                   96,855          223,784         320,639
90                      13,393          42,018          55,411
91                      3,649           8,697           12,346
92                      4,097           10,132          14,229
93                      3,317           8,743           12,060
94                      2,694           7,468           10,162
90–94                   27,150          77,058          104,208
95                      3,827           11,190          15,017
96                      2,539           7,220           9,759
97                      1,887           5,721           7,608
98                      2,268           6,534           8,802
99                      1,032           2,818           3,850
95–99                   11,553          33,483          45,036
100+                    4,520           12,752          17,272
возраст не указан       2,359           2,906           5,265

