# Возраст в годах, Числа доживающих до возраста х лет , Числа умирающих при переходе от возраста x к возрасту х+1 лет , Вероятность умереть в течение предстоящего года жизни, Вероятность дожить до возраста х+1 лет, Числа живущих в возрасте х лет, Числа прожитых человеколет, Средняя продолжительность предстоящей жизни
# x, lх, dх, qх, pх, Lх, Tх, eх

0       100000  3411    0.03411 0.96589 97533   7148004 71.48
1       96589   443     0.00459 0.99541 96307   7050471 72.99
2       96146   166     0.00173 0.99827 96045   6954164 72.33
3       95980   114     0.00119 0.99881 95912   6858119 71.45
4       95866   92      0.00096 0.99904 95809   6762207 70.54
5       95774   85      0.00089 0.99911 95731   6666398 69.61
6       95689   74      0.00077 0.99923 95651   6570667 68.67
7       95615   64      0.00067 0.99933 95582   6475016 67.72
8       95551   59      0.00062 0.99938 95522   6379434 66.76
9       95492   53      0.00056 0.99944 95466   6283912 65.81
10      95439   52      0.00054 0.99946 95413   6188446 64.84
11      95387   51      0.00053 0.99947 95362   6093033 63.88
12      95336   51      0.00054 0.99946 95311   5997671 62.91
13      95285   53      0.00056 0.99944 95259   5902360 61.94
14      95232   57      0.00060 0.99940 95204   5807101 60.98
15      95175   59      0.00062 0.99938 95146   5711897 60.01
16      95116   65      0.00068 0.99932 95084   5616751 59.05
17      95051   70      0.00074 0.99926 95017   5521667 58.09
18      94981   80      0.00084 0.99916 94942   5426650 57.13
19      94901   84      0.00089 0.99911 94859   5331708 56.18
20      94817   89      0.00094 0.99906 94773   5236849 55.23
21      94728   91      0.00096 0.99904 94683   5142076 54.28
22      94637   94      0.00099 0.99901 94590   5047393 53.33
23      94543   97      0.00103 0.99897 94495   4952803 52.39
24      94446   100     0.00106 0.99894 94396   4858308 51.44
25      94346   104     0.00110 0.99890 94294   4763912 50.49
26      94242   107     0.00114 0.99886 94189   4669618 49.55
27      94135   112     0.00119 0.99881 94079   4575429 48.60
28      94023   117     0.00124 0.99876 93965   4481350 47.66
29      93906   122     0.00130 0.99870 93845   4387385 46.72
30      93784   128     0.00136 0.99864 93721   4293540 45.78
31      93656   134     0.00143 0.99857 93589   4199819 44.84
32      93522   139     0.00149 0.99851 93453   4106230 43.91
33      93383   140     0.00150 0.99850 93314   4012777 42.97
34      93243   151     0.00162 0.99838 93169   3919463 42.03
35      93092   170     0.00183 0.99817 93008   3826294 41.10
36      92922   183     0.00197 0.99803 92832   3733286 40.18
37      92739   192     0.00207 0.99793 92644   3640454 39.25
38      92547   199     0.00215 0.99785 92449   3547810 38.34
39      92348   207     0.00224 0.99776 92246   3455361 37.42
40      92141   224     0.00243 0.99757 92030   3363115 36.50
41      91917   242     0.00263 0.99737 91797   3271085 35.59
42      91675   261     0.00285 0.99715 91547   3179288 34.68
43      91414   282     0.00308 0.99692 91275   3087741 33.78
44      91132   303     0.00333 0.99667 90983   2996466 32.88
45      90829   320     0.00352 0.99648 90670   2905483 31.99
46      90509   337     0.00372 0.99628 90343   2814813 31.10
47      90172   358     0.00397 0.99603 89995   2724470 30.21
48      89814   384     0.00427 0.99573 89624   2634475 29.33
49      89430   410     0.00459 0.99541 89227   2544851 28.46
50      89020   439     0.00493 0.99507 88804   2455624 27.59
51      88581   471     0.00532 0.99468 88349   2366820 26.72
52      88110   508     0.00577 0.99423 87859   2278471 25.86
53      87602   548     0.00626 0.99374 87332   2190612 25.01
54      87054   595     0.00683 0.99317 86761   2103280 24.16
55      86459   646     0.00747 0.99253 86140   2016519 23.32
56      85813   702     0.00818 0.99182 85467   1930379 22.50
57      85111   763     0.00896 0.99104 84735   1844912 21.68
58      84348   828     0.00982 0.99018 83940   1760177 20.87
59      83520   902     0.01080 0.98920 83075   1676237 20.07
60      82618   980     0.01186 0.98814 82134   1593162 19.28
61      81638   1056    0.01294 0.98706 81117   1511028 18.51
62      80582   1141    0.01416 0.98584 80020   1429911 17.74
63      79441   1240    0.01561 0.98439 78829   1349891 16.99
64      78201   1342    0.01716 0.98284 77540   1271062 16.25
65      76859   1471    0.01914 0.98086 76136   1193522 15.53
66      75388   1625    0.02155 0.97845 74588   1117386 14.82
67      73763   1769    0.02398 0.97602 72891   1042798 14.14
68      71994   1910    0.02653 0.97347 71051   969907  13.47
69      70084   2049    0.02923 0.97077 69072   898856  12.83
70      68035   2197    0.03229 0.96771 66949   829784  12.20
71      65838   2348    0.03566 0.96434 64676   762835  11.59
72      63490   2488    0.03919 0.96081 62258   698159  11.00
73      61002   2637    0.04323 0.95677 59698   635901  10.42
74      58365   2816    0.04824 0.95176 56970   576203  9.87
75      55549   2946    0.05303 0.94697 54086   519233  9.35
76      52603   3076    0.05848 0.94152 51076   465147  8.84
77      49527   3201    0.06463 0.93537 47937   414071  8.36
78      46326   3312    0.07150 0.92850 44678   366134  7.90
79      43014   3395    0.07892 0.92108 41322   321456  7.47
80      39619   3436    0.08672 0.91328 37902   280134  7.07
81      36183   3429    0.09476 0.90524 34466   242232  6.69
82      32754   3371    0.10293 0.89707 31062   207766  6.34
83      29383   3267    0.11117 0.88883 27740   176704  6.01
84      26116   3122    0.11955 0.88045 24541   148964  5.70
85      22994   2941    0.12789 0.87211 21508   124423  5.41
86      20053   2747    0.13699 0.86301 18663   102915  5.13
87      17306   2543    0.14693 0.85307 16017   84252   4.87
88      14763   2312    0.15659 0.84341 13588   68235   4.62
89      12451   2076    0.16671 0.83329 11394   54647   4.39
90      10375   1837    0.17709 0.82291 9438    43253   4.17
91      8538    1603    0.18780 0.81220 7718    33815   3.96
92      6935    1380    0.19893 0.80107 6227    26097   3.76
93      5555    1169    0.21040 0.78960 4954    19870   3.58
94      4386    975     0.22222 0.77778 3884    14916   3.40
95      3411    799     0.23437 0.76563 2998    11032   3.23
96      2612    645     0.24688 0.75312 2278    8034    3.08
97      1967    511     0.25978 0.74022 1702    5756    2.93
98      1456    397     0.27300 0.72700 1249    4054    2.78
99      1059    303     0.28658 0.71342 901     2805    2.65
100     756     227     0.30050 0.69950 637     1904    2.52

