# Возраст в годах, Числа доживающих до возраста х лет , Числа умирающих при переходе от возраста x к возрасту х+1 лет , Вероятность умереть в течение предстоящего года жизни, Вероятность дожить до возраста х+1 лет, Числа живущих в возрасте х лет, Числа прожитых человеколет, Средняя продолжительность предстоящей жизни
# x, lх, dх, qх, pх, Lх, Tх, eх

0       100000  4289    0.04289 0.95711 96832   6302701 63.03
1       95711   481     0.00503 0.99497 95401   6205869 64.84
2       95230   186     0.00195 0.99805 95114   6110468 64.17
3       95044   135     0.00142 0.99858 94964   6015354 63.29
4       94909   116     0.00122 0.99878 94840   5920390 62.38
5       94793   110     0.00116 0.99884 94738   5825550 61.46
6       94683   108     0.00114 0.99886 94629   5730812 60.53
7       94575   107     0.00113 0.99887 94522   5636183 59.59
8       94468   103     0.00109 0.99891 94417   5541661 58.66
9       94365   97      0.00103 0.99897 94316   5447244 57.73
10      94268   91      0.00097 0.99903 94222   5352928 56.78
11      94177   85      0.00090 0.99910 94135   5258706 55.84
12      94092   85      0.00090 0.99910 94050   5164571 54.89
13      94007   86      0.00092 0.99908 93964   5070521 53.94
14      93921   93      0.00099 0.99901 93876   4976557 52.99
15      93828   105     0.00112 0.99888 93777   4882681 52.04
16      93723   125     0.00133 0.99867 93663   4788904 51.10
17      93598   142     0.00152 0.99848 93529   4695241 50.16
18      93456   161     0.00172 0.99828 93378   4601712 49.24
19      93295   179     0.00192 0.99808 93207   4508334 48.32
20      93116   193     0.00207 0.99793 93021   4415127 47.42
21      92923   197     0.00212 0.99788 92825   4322106 46.51
22      92726   204     0.00220 0.99780 92625   4229281 45.61
23      92522   227     0.00245 0.99755 92411   4136656 44.71
24      92295   246     0.00267 0.99733 92173   4044245 43.82
25      92049   258     0.00280 0.99720 91921   3952072 42.93
26      91791   259     0.00282 0.99718 91662   3860151 42.05
27      91532   264     0.00288 0.99712 91400   3768489 41.17
28      91268   271     0.00297 0.99703 91134   3677089 40.29
29      90997   283     0.00311 0.99689 90857   3585955 39.41
30      90714   293     0.00323 0.99677 90569   3495098 38.53
31      90421   307     0.00340 0.99660 90269   3404529 37.65
32      90114   316     0.00351 0.99649 89957   3314260 36.78
33      89798   335     0.00373 0.99627 89633   3224303 35.91
34      89463   359     0.00401 0.99599 89286   3134670 35.04
35      89104   387     0.00434 0.99566 88913   3045384 34.18
36      88717   418     0.00471 0.99529 88511   2956471 33.32
37      88299   449     0.00508 0.99492 88077   2867960 32.48
38      87850   470     0.00535 0.99465 87617   2779883 31.64
39      87380   485     0.00555 0.99445 87139   2692266 30.81
40      86895   503     0.00579 0.99421 86646   2605127 29.98
41      86392   524     0.00606 0.99394 86132   2518481 29.15
42      85868   550     0.00640 0.99360 85595   2432349 28.33
43      85318   583     0.00683 0.99317 85030   2346754 27.51
44      84735   620     0.00732 0.99268 84428   2261724 26.69
45      84115   655     0.00779 0.99221 83790   2177296 25.88
46      83460   673     0.00806 0.99194 83126   2093506 25.08
47      82787   714     0.00863 0.99137 82434   2010380 24.28
48      82073   767     0.00935 0.99065 81695   1927946 23.49
49      81306   826     0.01016 0.98984 80898   1846251 22.71
50      80480   885     0.01100 0.98900 80043   1765353 21.94
51      79595   950     0.01193 0.98807 79126   1685310 21.17
52      78645   1026    0.01304 0.98696 78139   1606184 20.42
53      77619   1112    0.01433 0.98567 77071   1528045 19.69
54      76507   1207    0.01578 0.98422 75912   1450974 18.97
55      75300   1307    0.01736 0.98264 74655   1375062 18.26
56      73993   1410    0.01905 0.98095 73297   1300407 17.57
57      72583   1513    0.02085 0.97915 71836   1227110 16.91
58      71070   1622    0.02282 0.97718 70268   1155274 16.26
59      69448   1733    0.02496 0.97504 68591   1085006 15.62
60      67715   1839    0.02716 0.97284 66805   1016415 15.01
61      65876   1937    0.02940 0.97060 64916   949610  14.42
62      63939   2026    0.03168 0.96832 62933   884694  13.84
63      61913   2101    0.03394 0.96606 60869   821761  13.27
64      59812   2170    0.03628 0.96372 58733   760892  12.72
65      57642   2245    0.03894 0.96106 56527   702159  12.18
66      55397   2328    0.04203 0.95797 54240   645632  11.65
67      53069   2403    0.04529 0.95471 51874   591392  11.14
68      50666   2466    0.04867 0.95133 49438   539518  10.65
69      48200   2518    0.05225 0.94775 46945   490030  10.17
70      45682   2563    0.05611 0.94389 44404   443135  9.70
71      43119   2597    0.06022 0.93978 41824   398731  9.25
72      40522   2629    0.06488 0.93512 39210   356907  8.81
73      37893   2643    0.06974 0.93026 36573   317697  8.38
74      35250   2643    0.07497 0.92503 33928   281124  7.98
75      32607   2619    0.08033 0.91967 31297   247196  7.58
76      29988   2611    0.08707 0.91293 28681   215899  7.20
77      27377   2569    0.09384 0.90616 26089   187218  6.84
78      24808   2514    0.10133 0.89867 23546   161129  6.49
79      22294   2440    0.10943 0.89057 21067   137583  6.17
80      19854   2341    0.11791 0.88209 18675   116516  5.87
81      17513   2216    0.12652 0.87348 16394   97841   5.59
82      15297   2066    0.13505 0.86495 14251   81447   5.32
83      13231   1899    0.14351 0.85649 12268   67196   5.08
84      11332   1723    0.15201 0.84799 10456   54928   4.85
85      9609    1544    0.16068 0.83932 8822    44472   4.63
86      8065    1368    0.16964 0.83036 7366    35650   4.42
87      6697    1197    0.17880 0.82120 6085    28284   4.22
88      5500    1035    0.18821 0.81179 4969    22199   4.04
89      4465    883     0.19784 0.80216 4012    17230   3.86
90      3582    744     0.20775 0.79225 3199    13218   3.69
91      2838    618     0.21787 0.78213 2519    10019   3.53
92      2220    507     0.22820 0.77180 1958    7500    3.38
93      1713    409     0.23873 0.76127 1501    5542    3.24
94      1304    325     0.24950 0.75050 1136    4041    3.10
95      979     255     0.26047 0.73953 847     2905    2.97
96      724     197     0.27165 0.72835 622     2058    2.84
97      527     149     0.28301 0.71699 449     1436    2.72
98      378     111     0.29460 0.70540 320     987     2.61
99      267     82      0.30637 0.69363 224     667     2.50
100     185     59      0.31835 0.68165 154     443     2.39

