# age, both genders, male, female

# Таблица построена дезагрегацией данных АДХ при помощи модуля rtss.data.population.synthetic.PopulationADH

0    2,874,575       1,469,493       1,405,082      
1    2,694,751       1,375,329       1,319,422      
2    2,594,433       1,321,595       1,272,838      
3    2,573,621       1,308,292       1,265,329      
4    2,573,621       1,308,292       1,265,329      
5    2,573,621       1,308,292       1,265,329      
6    2,573,621       1,308,292       1,265,329      
7    2,534,687       1,286,755       1,247,932      
8    2,373,082       1,203,529       1,169,553      
9    2,073,990       1,052,132       1,021,858      
10   1,682,159       854,763         827,396        
11   1,378,988       701,278         677,710        
12   1,228,348       623,909         604,439        
13   1,294,074       655,136         638,938        
14   1,525,432       769,915         755,517        
15   1,835,682       924,433         911,249        
16   2,138,115       1,074,879       1,063,236      
17   2,346,016       1,177,439       1,168,577      
18   2,388,835       1,197,061       1,191,774      
19   2,317,351       1,160,188       1,157,163      
20   2,204,141       1,102,485       1,101,656      
21   2,100,141       1,049,275       1,050,866      
22   2,054,935       1,025,381       1,029,554      
23   2,080,522       1,038,356       1,042,166      
24   2,144,262       1,071,504       1,072,758      
25   2,220,571       1,110,190       1,110,381      
26   2,284,617       1,140,167       1,144,450      
27   2,312,120       1,147,563       1,164,557      
28   2,297,551       1,126,369       1,171,182      
29   2,258,139       1,082,710       1,175,429      
30   2,202,160       1,024,577       1,177,583      
31   2,136,754       959,959         1,176,795      
32   2,066,937       896,020         1,170,917      
33   1,945,141       818,585         1,126,556      
34   1,743,008       716,860         1,026,148      
35   1,508,040       607,669         900,371        
36   1,291,540       509,270         782,270        
37   1,144,816       439,922         704,894        
38   1,107,645       416,324         691,321        
39   1,140,958       428,815         712,143        
40   1,200,755       454,993         745,762        
41   1,264,093       482,854         781,239        
42   1,309,251       501,143         808,108        
43   1,340,722       511,055         829,667        
44   1,375,177       520,954         854,223        
45   1,407,076       529,644         877,432        
46   1,429,522       535,321         894,201        
47   1,434,699       535,534         899,165        
48   1,408,991       524,060         884,931        
49   1,354,711       501,440         853,271        
50   1,284,971       472,339         812,632        
51   1,213,070       441,454         771,616        
52   1,151,863       413,252         738,611        
53   1,100,519       385,704         714,815        
54   1,049,575       355,250         694,325        
55   999,545         324,904         674,641        
56   951,594         298,054         653,540        
57   906,786         278,010         628,776        
58   863,449         265,271         598,178        
59   819,627         256,761         562,866        
60   776,404         250,168         526,236        
61   735,027         243,269         491,758        
62   696,694         233,881         462,813        
63   661,047         221,391         439,656        
64   626,828         207,291         419,537        
65   593,965         192,723         401,242        
66   562,465         178,785         383,680        
67   532,370         166,557         365,813        
68   504,464         156,399         348,065        
69   478,735         147,536         331,199        
70   453,708         139,224         314,484        
71   427,842         130,738         297,104        
72   399,584         121,356         278,228        
73   367,508         110,642         256,866        
74   332,359         99,041          233,318        
75   296,291         87,292          208,999        
76   261,507         76,139          185,368        
77   230,064         66,280          163,784        
78   200,167         57,162          143,005        
79   169,972         48,127          121,845        
80   142,147         39,912          102,235        
81   119,600         33,329          86,271         
82   105,060         29,138          75,922         
83   95,925          26,541          69,384         
84   87,269          24,080          63,189         
85   75,660          20,567          55,093         
86   61,779          16,277          45,502         
87   49,883          12,709          37,174         
88   39,755          9,768           29,987         
89   31,201          7,370           23,831         
90   24,043          5,440           18,603         
91   18,120          3,909           14,211         
92   13,290          2,718           10,572         
93   9,420           1,814           7,606          
94   6,389           1,148           5,241          
95   4,086           677             3,409          
96   2,407           361             2,046          
97   1,256           167             1,089          
98   536             60              476            
99   157             14              143            
100  17              1               16             
