# # Таблица построена модулем rtss.rosbris1959.ExportMortalityTables по данным в РосБРИС для РСФСР 2011
# Возраст в годах, Числа доживающих до возраста х лет, Числа умирающих при переходе от возраста x к возрасту х+1 лет, Вероятность умереть в течение предстоящего года жизни, Вероятность дожить до возраста х+1 лет, Числа живущих в возрасте х лет, Числа прожитых человеколет, Средняя продолжительность предстоящей жизни
# x, lx, dx, qx, px, Lx, Tx, ex

0       100000  598     0.00598 0.99402 99701   7610168 76.10
1       99402   66      0.00066 0.99934 99369   7510467 75.56
2       99336   38      0.00038 0.99962 99317   7411098 74.61
3       99298   25      0.00025 0.99975 99286   7311781 73.63
4       99273   24      0.00024 0.99976 99261   7212496 72.65
5       99249   26      0.00026 0.99974 99236   7113235 71.67
6       99223   22      0.00022 0.99978 99212   7013999 70.69
7       99201   18      0.00018 0.99982 99192   6914787 69.70
8       99183   20      0.00020 0.99980 99173   6815595 68.72
9       99163   20      0.00020 0.99980 99153   6716422 67.73
10      99143   18      0.00018 0.99982 99134   6617269 66.74
11      99125   18      0.00018 0.99982 99116   6518135 65.76
12      99107   19      0.00019 0.99981 99098   6419019 64.77
13      99088   25      0.00025 0.99975 99076   6319921 63.78
14      99063   31      0.00031 0.99969 99048   6220845 62.80
15      99032   34      0.00035 0.99965 99015   6121797 61.82
16      98998   42      0.00042 0.99958 98977   6022782 60.84
17      98956   41      0.00041 0.99959 98936   5923805 59.86
18      98915   46      0.00047 0.99953 98892   5824869 58.89
19      98869   45      0.00046 0.99954 98847   5725977 57.91
20      98824   49      0.00050 0.99950 98800   5627130 56.94
21      98775   54      0.00054 0.99946 98749   5528330 55.97
22      98721   67      0.00068 0.99932 98688   5429582 55.00
23      98654   72      0.00073 0.99927 98619   5330893 54.04
24      98582   80      0.00081 0.99919 98542   5232275 53.08
25      98502   83      0.00084 0.99916 98461   5133732 52.12
26      98419   96      0.00097 0.99903 98372   5035271 51.16
27      98323   117     0.00119 0.99881 98266   4936899 50.21
28      98206   131     0.00134 0.99866 98142   4838633 49.27
29      98075   151     0.00154 0.99846 98001   4740491 48.34
30      97924   160     0.00163 0.99837 97845   4642490 47.41
31      97764   170     0.00174 0.99826 97680   4544645 46.49
32      97594   180     0.00185 0.99815 97505   4446965 45.57
33      97414   189     0.00194 0.99806 97320   4349461 44.65
34      97225   195     0.00200 0.99800 97128   4252141 43.74
35      97030   200     0.00206 0.99794 96930   4155013 42.82
36      96830   203     0.00210 0.99790 96729   4058082 41.91
37      96627   220     0.00228 0.99772 96518   3961353 41.00
38      96407   225     0.00233 0.99767 96295   3864835 40.09
39      96182   236     0.00246 0.99754 96065   3768540 39.18
40      95946   254     0.00264 0.99736 95819   3672475 38.28
41      95692   247     0.00258 0.99742 95569   3576655 37.38
42      95445   276     0.00289 0.99711 95309   3481086 36.47
43      95169   291     0.00305 0.99695 95025   3385777 35.58
44      94878   311     0.00328 0.99672 94723   3290752 34.68
45      94567   309     0.00327 0.99673 94413   3196029 33.80
46      94258   332     0.00352 0.99648 94093   3101615 32.91
47      93926   344     0.00367 0.99633 93756   3007522 32.02
48      93582   372     0.00397 0.99603 93399   2913766 31.14
49      93210   404     0.00433 0.99567 93010   2820368 30.26
50      92806   424     0.00456 0.99544 92596   2727358 29.39
51      92382   458     0.00496 0.99504 92156   2634761 28.52
52      91924   492     0.00535 0.99465 91681   2542605 27.66
53      91432   532     0.00582 0.99418 91169   2450924 26.81
54      90900   557     0.00612 0.99388 90626   2359756 25.96
55      90343   628     0.00695 0.99305 90034   2269130 25.12
56      89715   665     0.00741 0.99259 89386   2179097 24.29
57      89050   700     0.00786 0.99214 88703   2089711 23.47
58      88350   745     0.00843 0.99157 87983   2001008 22.65
59      87605   820     0.00936 0.99064 87200   1913025 21.84
60      86785   863     0.00994 0.99006 86358   1825825 21.04
61      85922   926     0.01078 0.98922 85467   1739468 20.24
62      84996   1043    0.01227 0.98773 84477   1654001 19.46
63      83953   976     0.01162 0.98838 83473   1569524 18.70
64      82977   1244    0.01499 0.98501 82363   1486051 17.91
65      81733   1156    0.01415 0.98585 81157   1403689 17.17
66      80577   1284    0.01593 0.98407 79945   1322532 16.41
67      79293   1395    0.01759 0.98241 78596   1242587 15.67
68      77898   1307    0.01678 0.98322 77259   1163991 14.94
69      76591   1741    0.02274 0.97726 75734   1086732 14.19
70      74850   1642    0.02193 0.97807 74033   1010997 13.51
71      73208   1847    0.02524 0.97476 72304   936964  12.80
72      71361   2110    0.02956 0.97044 70317   864660  12.12
73      69251   2116    0.03055 0.96945 68205   794343  11.47
74      67135   2407    0.03585 0.96415 65952   726137  10.82
75      64728   2617    0.04043 0.95957 63436   660185  10.20
76      62111   2803    0.04512 0.95488 60721   596749  9.61
77      59308   2896    0.04882 0.95118 57875   536028  9.04
78      56412   3158    0.05598 0.94402 54854   478153  8.48
79      53254   3395    0.06376 0.93624 51570   423299  7.95
80      49859   3474    0.06967 0.93033 48132   371729  7.46
81      46385   3639    0.07846 0.92154 44577   323597  6.98
82      42746   3750    0.08774 0.91226 40879   279020  6.53
83      38996   3841    0.09849 0.90151 37077   238141  6.11
84      35155   3785    0.10768 0.89232 33259   201064  5.72
85      31370   3747    0.11946 0.88054 29489   167805  5.35
86      27623   3615    0.13087 0.86913 25805   138316  5.01
87      24008   3497    0.14567 0.85433 22237   112511  4.69
88      20511   3066    0.14948 0.85052 18954   90274   4.40
89      17445   2912    0.16693 0.83307 15970   71321   4.09
90      14533   2611    0.17968 0.82032 13205   55350   3.81
91      11922   2376    0.19930 0.80070 10714   42145   3.54
92      9546    2131    0.22326 0.77674 8452    31431   3.29
93      7415    1700    0.22921 0.77079 6534    22979   3.10
94      5715    1394    0.24387 0.75613 4994    16445   2.88
95      4321    1124    0.26015 0.73985 3739    11451   2.65
96      3197    902     0.28221 0.71779 2728    7712    2.41
97      2295    684     0.29796 0.70204 1935    4985    2.17
98      1611    467     0.29006 0.70994 1362    3050    1.89
99      1144    315     0.27564 0.72436 976     1688    1.48
100     829     223     0.26857 0.73143 711     711     0.86
