# # Таблица построена модулем rtss.rosbris1959.ExportMortalityTables по данным в РосБРИС для РСФСР 2013
# Возраст в годах, Числа доживающих до возраста х лет, Числа умирающих при переходе от возраста x к возрасту х+1 лет, Вероятность умереть в течение предстоящего года жизни, Вероятность дожить до возраста х+1 лет, Числа живущих в возрасте х лет, Числа прожитых человеколет, Средняя продолжительность предстоящей жизни
# x, lx, dx, qx, px, Lx, Tx, ex

0       100000  865     0.00865 0.99135 99568   6567367 65.67
1       99135   67      0.00067 0.99933 99102   6467799 65.24
2       99068   38      0.00039 0.99961 99049   6368698 64.29
3       99030   31      0.00031 0.99969 99015   6269649 63.31
4       98999   26      0.00026 0.99974 98986   6170634 62.33
5       98973   27      0.00027 0.99973 98959   6071648 61.35
6       98946   23      0.00023 0.99977 98934   5972689 60.36
7       98923   25      0.00025 0.99975 98911   5873755 59.38
8       98898   25      0.00025 0.99975 98886   5774844 58.39
9       98873   27      0.00027 0.99973 98860   5675958 57.41
10      98846   25      0.00025 0.99975 98833   5577099 56.42
11      98821   25      0.00025 0.99975 98808   5478265 55.44
12      98796   22      0.00023 0.99977 98785   5379457 54.45
13      98774   29      0.00029 0.99971 98760   5280672 53.46
14      98745   45      0.00046 0.99954 98724   5181911 52.48
15      98700   54      0.00055 0.99945 98674   5083188 51.50
16      98646   65      0.00066 0.99934 98615   4984514 50.53
17      98581   81      0.00083 0.99917 98543   4885899 49.56
18      98500   115     0.00117 0.99883 98444   4787357 48.60
19      98385   123     0.00125 0.99875 98325   4688913 47.66
20      98262   148     0.00151 0.99849 98190   4590588 46.72
21      98114   165     0.00168 0.99832 98033   4492398 45.79
22      97949   185     0.00189 0.99811 97858   4394365 44.86
23      97764   199     0.00204 0.99796 97667   4296507 43.95
24      97565   235     0.00241 0.99759 97450   4198841 43.04
25      97330   268     0.00275 0.99725 97199   4101390 42.14
26      97062   297     0.00306 0.99694 96915   4004192 41.25
27      96765   314     0.00324 0.99676 96610   3907276 40.38
28      96451   350     0.00363 0.99637 96280   3810666 39.51
29      96101   408     0.00424 0.99576 95902   3714386 38.65
30      95693   472     0.00493 0.99507 95461   3618484 37.81
31      95221   504     0.00530 0.99470 94972   3523023 37.00
32      94717   549     0.00579 0.99421 94446   3428051 36.19
33      94168   582     0.00618 0.99382 93881   3333605 35.40
34      93586   642     0.00687 0.99313 93268   3239724 34.62
35      92944   663     0.00713 0.99287 92614   3146456 33.85
36      92281   667     0.00723 0.99277 91948   3053842 33.09
37      91614   668     0.00730 0.99270 91280   2961894 32.33
38      90946   667     0.00733 0.99267 90614   2870614 31.56
39      90279   698     0.00773 0.99227 89932   2780001 30.79
40      89581   710     0.00793 0.99207 89227   2690069 30.03
41      88871   716     0.00806 0.99194 88513   2600842 29.27
42      88155   699     0.00793 0.99207 87806   2512330 28.50
43      87456   722     0.00825 0.99175 87097   2424524 27.72
44      86734   752     0.00867 0.99133 86363   2337427 26.95
45      85982   834     0.00970 0.99030 85570   2251064 26.18
46      85148   871     0.01022 0.98978 84715   2165494 25.43
47      84277   885     0.01050 0.98950 83837   2080779 24.69
48      83392   920     0.01103 0.98897 82937   1996943 23.95
49      82472   1009    0.01223 0.98777 81974   1914006 23.21
50      81463   1085    0.01332 0.98668 80926   1832031 22.49
51      80378   1141    0.01419 0.98581 79810   1751105 21.79
52      79237   1138    0.01437 0.98563 78671   1671296 21.09
53      78099   1217    0.01558 0.98442 77498   1592624 20.39
54      76882   1329    0.01728 0.98272 76225   1515126 19.71
55      75553   1404    0.01858 0.98142 74857   1438901 19.04
56      74149   1470    0.01982 0.98018 73420   1364044 18.40
57      72679   1546    0.02127 0.97873 71913   1290624 17.76
58      71133   1638    0.02303 0.97697 70320   1218711 17.13
59      69495   1679    0.02416 0.97584 68665   1148391 16.52
60      67816   1865    0.02750 0.97250 66896   1079726 15.92
61      65951   1988    0.03015 0.96985 64960   1012830 15.36
62      63963   1928    0.03014 0.96986 62998   947870  14.82
63      62035   1961    0.03160 0.96840 61066   884873  14.26
64      60074   2202    0.03666 0.96334 58972   823807  13.71
65      57872   1941    0.03353 0.96647 56908   764834  13.22
66      55931   2356    0.04213 0.95787 54757   707927  12.66
67      53575   2037    0.03802 0.96198 52547   653170  12.19
68      51538   2125    0.04123 0.95877 50484   600623  11.65
69      49413   2231    0.04516 0.95484 48294   550139  11.13
70      47182   2037    0.04317 0.95683 46180   501845  10.64
71      45145   2631    0.05829 0.94171 43842   455665  10.09
72      42514   2334    0.05489 0.94511 41339   411823  9.69
73      40180   2443    0.06080 0.93920 38970   370484  9.22
74      37737   2615    0.06930 0.93070 36429   331514  8.78
75      35122   2425    0.06904 0.93096 33903   295085  8.40
76      32697   2470    0.07555 0.92445 31463   261182  7.99
77      30227   2446    0.08092 0.91908 29002   229719  7.60
78      27781   2429    0.08742 0.91258 26561   200716  7.22
79      25352   2308    0.09104 0.90896 24192   174156  6.87
80      23044   2295    0.09957 0.90043 21894   149963  6.51
81      20749   2254    0.10863 0.89137 19614   128069  6.17
82      18495   2102    0.11365 0.88635 17436   108455  5.86
83      16393   2062    0.12578 0.87422 15355   91019   5.55
84      14331   1941    0.13545 0.86455 13351   75664   5.28
85      12390   1826    0.14734 0.85266 11463   62313   5.03
86      10564   1612    0.15261 0.84739 9741    50850   4.81
87      8952    1422    0.15884 0.84116 8225    41109   4.59
88      7530    1230    0.16335 0.83665 6902    32884   4.37
89      6300    1110    0.17621 0.82379 5729    25982   4.12
90      5190    851     0.16399 0.83601 4754    20252   3.90
91      4339    854     0.19675 0.80325 3906    15499   3.57
92      3485    712     0.20424 0.79576 3119    11592   3.33
93      2773    607     0.21892 0.78108 2464    8474    3.06
94      2166    571     0.26374 0.73626 1873    6010    2.77
95      1595    423     0.26508 0.73492 1373    4137    2.59
96      1172    327     0.27875 0.72125 1002    2764    2.36
97      845     255     0.30135 0.69865 712     1762    2.09
98      590     190     0.32287 0.67713 490     1051    1.78
99      400     133     0.33198 0.66802 328     561     1.40
100     267     62      0.23231 0.76769 232     232     0.87
