# age, both genders, male, female                       

0                               5,756,097       2,919,266       2,836,831
1                               4,938,660       2,495,596       2,443,064
2                               4,127,858       2,079,369       2,048,489
3                               3,714,105       1,868,787       1,845,318
4                               3,194,162       1,608,174       1,585,988
5                               2,813,950       1,415,291       1,398,659
6                               3,259,608       1,630,409       1,629,199
7                               3,790,638       1,882,699       1,907,939
8                               4,223,932       2,102,726       2,121,206
9                               3,688,477       1,833,275       1,855,202
итого  от 1 года до 9 лет:      33,751,390      16,916,326      16,835,064
10                              4,394,366       2,186,545       2,207,821
11                              4,169,499       2,076,020       2,093,479
12                              4,919,842       2,482,443       2,437,399
13                              4,391,704       2,203,789       2,187,915
14                              4,075,351       2,041,405       2,033,946
15                              3,704,883       1,868,282       1,836,601
16                              3,258,135       1,616,530       1,641,605
17                              2,840,420       1,398,918       1,441,502
18                              2,884,678       1,395,957       1,488,721
19                              2,509,816       1,187,443       1,322,373
итого от 10 до 19 лет:          37,148,694      18,457,332      18,691,362
20                              3,077,295       1,505,795       1,571,500
21                              2,061,916       1,041,463       1,020,453
22                              2,590,681       1,232,231       1,358,450
23                              2,973,138       1,421,290       1,551,848
24                              3,556,722       1,701,948       1,854,774
25                              3,514,386       1,699,067       1,815,319
26                              3,607,139       1,735,740       1,871,399
27                              3,157,969       1,556,361       1,601,608
28                              3,656,392       1,788,363       1,868,029
29                              2,707,758       1,351,242       1,356,516
итого от 20 до 29 лет:          30,903,396      15,033,500      15,869,896
30                              3,274,359       1,568,241       1,706,118
31                              2,569,835       1,324,514       1,245,321
32                              2,916,031       1,482,475       1,433,556
33                              2,620,683       1,292,334       1,328,349
34                              2,554,372       1,272,786       1,281,586
35                              2,626,902       1,268,897       1,358,005
36                              2,361,863       1,129,985       1,231,878
37                              1,914,722       840,835         1,073,887
38                              2,776,113       1,269,587       1,506,526
39                              1,906,154       901,986         1,004,168
итого от 30 до 39 лет:          25,521,034      12,351,640      13,169,394
40                              2,181,029       963,612         1,217,417
41                              1,487,138       722,795         764,343
42                              1,817,970       853,177         964,793
43                              1,592,288       749,337         842,951
44                              1,433,121       670,259         762,862
45                              1,693,057       758,241         934,816
46                              1,352,051       634,196         717,855
47                              1,172,702       526,324         646,378
48                              1,455,793       667,171         788,622
49                              1,148,192       513,127         635,065
итого от 40 до 49 лет:          15,333,341      7,058,239       8,275,102
50                              1,629,946       698,744         931,202
51                              946,653         458,065         488,588
52                              1,130,180       527,699         602,481
53                              1,045,874       479,139         566,735
54                              1,022,680       449,676         573,004
55                              1,378,660       500,088         878,572
56                              1,107,348       429,539         677,809
57                              875,093         329,218         545,875
58                              1,002,529       408,584         593,945
59                              783,199         329,439         453,760
итого от 50 до 59 лет:          10,922,162      4,610,191       6,311,971
60                              1,252,830       451,084         801,746
61                              711,167         320,785         390,382
62                              835,595         353,094         482,501
63                              806,229         332,408         473,821
64                              675,889         278,904         396,985
65                              894,650         341,445         553,205
66                              691,031         276,997         414,034
67                              596,055         223,611         372,444
68                              564,605         232,423         332,182
69                              395,285         157,749         237,536
итого от 60 до 69 лет:          7,423,336       2,968,500       4,454,836
70                              671,355         219,847         451,508
71                              280,706         114,536         166,170
72                              358,523         142,916         215,607
73                              308,105         119,754         188,351
74                              248,158         96,641          151,517
75                              367,385         128,766         238,619
76                              215,162         81,592          133,570
77                              182,945         67,008          115,937
78                              189,354         72,905          116,449
79                              110,639         41,526          69,113
итого от 70 до 79 лет:          2,932,332       1,085,491       1,846,841
80                              223,620         65,807          157,813
81                              70,186          26,159          44,027
82                              77,129          28,008          49,121
83                              61,110          22,017          39,093
84                              49,610          17,622          31,988
85                              82,720          25,388          57,332
86                              39,268          13,433          25,835
87                              31,313          10,080          21,233
88                              30,022          9,995           20,027
89                              19,268          6,112           13,156
итого от 80 до 89 лет:          684,246         224,621         459,625
90                              43,404          11,873          31,531
91                              10,760          3,519           7,241
92                              10,206          3,487           6,719
93                              8,459           2,735           5,724
94                              6,180           2,137           4,043
95                              14,697          4,766           9,931
96                              7,442           2,517           4,925
97                              6,003           1,903           4,100
98                              6,538           2,212           4,326
99                              3,903           1,371           2,532
100+                            27,601          10,046          17,555
итого 90 лет и старше:          145,193         46,566          98,627
                        
unknown                         35,872          23,217          12,655
всего                           170,557,093     81,694,889      88,862,204

