# Таблица построена по данным АДХ-РСФСР модулем rtss.data.mortality.synthetic.MortalityTableADH
# Возраст в годах, Числа доживающих до возраста х лет, Числа умирающих при переходе от возраста x к возрасту х+1 лет, Вероятность умереть в течение предстоящего года жизни, Вероятность дожить до возраста х+1 лет, Числа живущих в возрасте х лет, Числа прожитых человеколет, Средняя продолжительность предстоящей жизни
# x, lx, dx, qx, px, Lx, Tx, ex

0       100000  23186   0.23186 0.76814 88407   3540515 35.41
1       76814   8763    0.11408 0.88592 72433   3452108 44.94
2       68051   4146    0.06092 0.93908 65978   3379675 49.66
3       63905   2317    0.03626 0.96374 62747   3313697 51.85
4       61588   1477    0.02398 0.97602 60850   3250951 52.79
5       60111   1038    0.01727 0.98273 59563   3190101 53.07
6       59073   774     0.01311 0.98689 58668   3130538 52.99
7       58299   600     0.01029 0.98971 57987   3071871 52.69
8       57699   476     0.00826 0.99174 57452   3013884 52.23
9       57223   387     0.00675 0.99325 57023   2956432 51.67
10      56836   321     0.00564 0.99436 56671   2899409 51.01
11      56515   274     0.00485 0.99515 56375   2842738 50.30
12      56241   242     0.00431 0.99569 56118   2786363 49.54
13      55999   222     0.00396 0.99604 55887   2730246 48.76
14      55777   210     0.00376 0.99624 55671   2674359 47.95
15      55567   205     0.00370 0.99630 55464   2618688 47.13
16      55362   207     0.00373 0.99627 55259   2563223 46.30
17      55155   213     0.00386 0.99614 55049   2507964 45.47
18      54942   224     0.00407 0.99593 54831   2452915 44.65
19      54718   238     0.00434 0.99566 54600   2398084 43.83
20      54480   255     0.00467 0.99533 54354   2343484 43.02
21      54225   273     0.00503 0.99497 54090   2289130 42.22
22      53952   291     0.00539 0.99461 53808   2235040 41.43
23      53661   308     0.00574 0.99426 53508   2181232 40.65
24      53353   323     0.00606 0.99394 53193   2127724 39.88
25      53030   336     0.00634 0.99366 52863   2074531 39.12
26      52694   346     0.00657 0.99343 52522   2021668 38.37
27      52348   355     0.00678 0.99322 52171   1969146 37.62
28      51993   362     0.00696 0.99304 51813   1916975 36.87
29      51631   368     0.00714 0.99286 51448   1865162 36.12
30      51263   375     0.00731 0.99269 51076   1813715 35.38
31      50888   382     0.00750 0.99250 50698   1762639 34.64
32      50506   390     0.00772 0.99228 50312   1711941 33.90
33      50116   400     0.00798 0.99202 49917   1661629 33.16
34      49716   411     0.00827 0.99173 49512   1611713 32.42
35      49305   424     0.00859 0.99141 49094   1562201 31.68
36      48881   436     0.00892 0.99108 48664   1513107 30.95
37      48445   448     0.00926 0.99074 48222   1464443 30.23
38      47997   460     0.00959 0.99041 47768   1416221 29.51
39      47537   472     0.00993 0.99007 47302   1368453 28.79
40      47065   485     0.01030 0.98970 46824   1321151 28.07
41      46580   499     0.01070 0.98930 46332   1274327 27.36
42      46081   515     0.01118 0.98882 45825   1227996 26.65
43      45566   535     0.01174 0.98826 45300   1182171 25.94
44      45031   558     0.01238 0.98762 44754   1136870 25.25
45      44473   582     0.01308 0.98692 44184   1092116 24.56
46      43891   606     0.01381 0.98619 43590   1047932 23.88
47      43285   629     0.01454 0.98546 42972   1004342 23.20
48      42656   650     0.01523 0.98477 42333   961370  22.54
49      42006   668     0.01590 0.98410 41673   919037  21.88
50      41338   685     0.01656 0.98344 40997   877364  21.22
51      40653   702     0.01726 0.98274 40303   836367  20.57
52      39951   720     0.01803 0.98197 39593   796064  19.93
53      39231   742     0.01892 0.98108 38862   756471  19.28
54      38489   768     0.01995 0.98005 38107   717609  18.64
55      37721   797     0.02114 0.97886 37325   679502  18.01
56      36924   830     0.02248 0.97752 36512   642177  17.39
57      36094   866     0.02399 0.97601 35664   605665  16.78
58      35228   904     0.02566 0.97434 34779   570001  16.18
59      34324   943     0.02747 0.97253 33856   535221  15.59
60      33381   982     0.02942 0.97058 32893   501366  15.02
61      32399   1020    0.03150 0.96850 31892   468472  14.46
62      31379   1057    0.03367 0.96633 30853   436580  13.91
63      30322   1090    0.03596 0.96404 29780   405727  13.38
64      29232   1122    0.03837 0.96163 28674   375947  12.86
65      28110   1151    0.04095 0.95905 27537   347274  12.35
66      26959   1180    0.04379 0.95621 26371   319737  11.86
67      25779   1210    0.04694 0.95306 25177   293365  11.38
68      24569   1240    0.05046 0.94954 23951   268189  10.92
69      23329   1268    0.05435 0.94565 22697   244237  10.47
70      22061   1292    0.05856 0.94144 21417   221540  10.04
71      20769   1308    0.06296 0.93704 20116   200124  9.64
72      19461   1312    0.06743 0.93257 18805   180008  9.25
73      18149   1305    0.07190 0.92810 17495   161203  8.88
74      16844   1286    0.07636 0.92364 16199   143707  8.53
75      15558   1258    0.08089 0.91911 14926   127508  8.20
76      14300   1225    0.08569 0.91431 13685   112582  7.87
77      13075   1189    0.09094 0.90906 12477   98897   7.56
78      11886   1150    0.09674 0.90326 11308   86420   7.27
79      10736   1107    0.10308 0.89692 10179   75112   7.00
80      9629    1057    0.10982 0.89018 9096    64934   6.74
81      8572    1000    0.11661 0.88339 8067    55838   6.51
82      7572    932     0.12311 0.87689 7100    47771   6.31
83      6640    857     0.12903 0.87097 6205    40671   6.13
84      5783    776     0.13416 0.86584 5388    34466   5.96
85      5007    693     0.13844 0.86156 4654    29078   5.81
86      4314    612     0.14194 0.85806 4001    24424   5.66
87      3702    536     0.14477 0.85523 3428    20423   5.52
88      3166    466     0.14703 0.85297 2927    16995   5.37
89      2700    402     0.14886 0.85114 2494    14067   5.21
90      2298    346     0.15038 0.84962 2121    11573   5.04
91      1952    296     0.15168 0.84832 1800    9453    4.84
92      1656    253     0.15290 0.84710 1526    7653    4.62
93      1403    216     0.15411 0.84589 1292    6126    4.37
94      1187    184     0.15540 0.84460 1093    4834    4.07
95      1003    157     0.15686 0.84314 922     3742    3.73
96      846     134     0.15854 0.84146 777     2819    3.33
97      712     114     0.16050 0.83950 653     2042    2.87
98      598     97      0.16277 0.83723 548     1389    2.32
99      501     83      0.16539 0.83461 458     840     1.68
100     418     70      0.16837 0.83163 382     382     0.91
