# # Таблица построена модулем rtss.rosbris1959.ExportMortalityTables по данным в РосБРИС для РСФСР 2021
# Возраст в годах, Числа доживающих до возраста х лет, Числа умирающих при переходе от возраста x к возрасту х+1 лет, Вероятность умереть в течение предстоящего года жизни, Вероятность дожить до возраста х+1 лет, Числа живущих в возрасте х лет, Числа прожитых человеколет, Средняя продолжительность предстоящей жизни
# x, lx, dx, qx, px, Lx, Tx, ex

0       100000  435     0.00435 0.99565 99783   7377365 73.77
1       99565   54      0.00055 0.99945 99538   7277583 73.09
2       99511   36      0.00036 0.99964 99493   7178045 72.13
3       99475   30      0.00030 0.99970 99460   7078552 71.16
4       99445   24      0.00024 0.99976 99433   6979092 70.18
5       99421   18      0.00018 0.99982 99412   6879659 69.20
6       99403   15      0.00015 0.99985 99395   6780247 68.21
7       99388   16      0.00016 0.99984 99380   6680852 67.22
8       99372   14      0.00014 0.99986 99365   6581472 66.23
9       99358   17      0.00017 0.99983 99350   6482107 65.24
10      99341   19      0.00019 0.99981 99331   6382757 64.25
11      99322   15      0.00016 0.99984 99315   6283426 63.26
12      99307   23      0.00023 0.99977 99296   6184111 62.27
13      99284   22      0.00022 0.99978 99273   6084815 61.29
14      99262   27      0.00027 0.99973 99249   5985542 60.30
15      99235   32      0.00032 0.99968 99220   5886293 59.32
16      99203   43      0.00044 0.99956 99182   5787073 58.34
17      99160   46      0.00047 0.99953 99138   5687891 57.36
18      99114   60      0.00060 0.99940 99085   5588754 56.39
19      99054   64      0.00065 0.99935 99022   5489669 55.42
20      98990   59      0.00059 0.99941 98960   5390647 54.46
21      98931   59      0.00059 0.99941 98902   5291687 53.49
22      98872   65      0.00066 0.99934 98841   5192785 52.52
23      98807   86      0.00087 0.99913 98764   5093944 51.55
24      98721   61      0.00061 0.99939 98690   4995180 50.60
25      98660   67      0.00068 0.99932 98628   4896491 49.63
26      98593   90      0.00092 0.99908 98549   4797863 48.66
27      98503   99      0.00101 0.99899 98454   4699314 47.71
28      98404   106     0.00108 0.99892 98352   4600859 46.75
29      98298   124     0.00126 0.99874 98237   4502507 45.80
30      98174   129     0.00131 0.99869 98110   4404270 44.86
31      98045   145     0.00148 0.99852 97974   4306160 43.92
32      97900   174     0.00178 0.99822 97815   4208186 42.98
33      97726   181     0.00185 0.99815 97637   4110371 42.06
34      97545   219     0.00225 0.99775 97437   4012734 41.14
35      97326   225     0.00232 0.99768 97214   3915297 40.23
36      97101   239     0.00246 0.99754 96984   3818082 39.32
37      96862   290     0.00299 0.99701 96720   3721098 38.42
38      96572   300     0.00311 0.99689 96423   3624378 37.53
39      96272   309     0.00321 0.99679 96118   3527956 36.65
40      95963   314     0.00327 0.99673 95808   3431838 35.76
41      95649   355     0.00372 0.99628 95474   3336030 34.88
42      95294   369     0.00387 0.99613 95111   3240556 34.01
43      94925   389     0.00410 0.99590 94733   3145445 33.14
44      94536   421     0.00445 0.99555 94327   3050712 32.27
45      94115   423     0.00450 0.99550 93904   2956385 31.41
46      93692   443     0.00472 0.99528 93471   2862481 30.55
47      93249   439     0.00471 0.99529 93031   2769010 29.69
48      92810   477     0.00514 0.99486 92576   2675979 28.83
49      92333   540     0.00584 0.99416 92066   2583403 27.98
50      91793   542     0.00591 0.99409 91523   2491337 27.14
51      91251   563     0.00617 0.99383 90971   2399814 26.30
52      90688   580     0.00640 0.99360 90401   2308843 25.46
53      90108   630     0.00699 0.99301 89797   2218443 24.62
54      89478   686     0.00766 0.99234 89139   2128645 23.79
55      88792   729     0.00821 0.99179 88433   2039506 22.97
56      88063   819     0.00930 0.99070 87662   1951073 22.16
57      87244   925     0.01060 0.98940 86787   1863411 21.36
58      86319   960     0.01112 0.98888 85844   1776624 20.58
59      85359   1048    0.01228 0.98772 84840   1690780 19.81
60      84311   1081    0.01282 0.98718 83776   1605940 19.05
61      83230   1191    0.01431 0.98569 82643   1522163 18.29
62      82039   1287    0.01569 0.98431 81403   1439520 17.55
63      80752   1382    0.01711 0.98289 80070   1358117 16.82
64      79370   1509    0.01902 0.98098 78624   1278047 16.10
65      77861   1587    0.02038 0.97962 77074   1199423 15.40
66      76274   1668    0.02187 0.97813 75452   1122348 14.71
67      74606   1863    0.02498 0.97502 73685   1046897 14.03
68      72743   1929    0.02651 0.97349 71789   973212  13.38
69      70814   2119    0.02992 0.97008 69766   901422  12.73
70      68695   2196    0.03197 0.96803 67607   831657  12.11
71      66499   2352    0.03537 0.96463 65339   764050  11.49
72      64147   2574    0.04013 0.95987 62864   698711  10.89
73      61573   2440    0.03964 0.96036 60370   635848  10.33
74      59133   2972    0.05026 0.94974 57661   575478  9.73
75      56161   2772    0.04935 0.95065 54769   517817  9.22
76      53389   2829    0.05299 0.94701 51986   463048  8.67
77      50560   3058    0.06049 0.93951 49030   411062  8.13
78      47502   2798    0.05891 0.94109 46123   362032  7.62
79      44704   3544    0.07927 0.92073 42951   315909  7.07
80      41160   3253    0.07903 0.92097 39532   272958  6.63
81      37907   3502    0.09239 0.90761 36175   233426  6.16
82      34405   3720    0.10813 0.89187 32541   197251  5.73
83      30685   3409    0.11109 0.88891 28971   164709  5.37
84      27276   3480    0.12759 0.87241 25533   135739  4.98
85      23796   3348    0.14068 0.85932 22109   110206  4.63
86      20448   3169    0.15499 0.84501 18842   88096   4.31
87      17279   2833    0.16396 0.83604 15837   69254   4.01
88      14446   2560    0.17722 0.82278 13149   53417   3.70
89      11886   2430    0.20443 0.79557 10651   40268   3.39
90      9456    2091    0.22109 0.77891 8389    29617   3.13
91      7365    1906    0.25877 0.74123 6385    21228   2.88
92      5459    1438    0.26337 0.73663 4710    14843   2.72
93      4021    1197    0.29774 0.70226 3398    10133   2.52
94      2824    846     0.29971 0.70029 2378    6735    2.38
95      1978    636     0.32139 0.67861 1644    4357    2.20
96      1342    450     0.33511 0.66489 1104    2714    2.02
97      892     331     0.37067 0.62933 716     1609    1.80
98      561     193     0.34458 0.65542 458     894     1.59
99      368     163     0.44259 0.55741 282     436     1.19
100     205     93      0.45251 0.54749 154     154     0.75
