# # Таблица построена модулем rtss.rosbris1959.ExportMortalityTables по данным в РосБРИС для РСФСР 2012
# Возраст в годах, Числа доживающих до возраста х лет, Числа умирающих при переходе от возраста x к возрасту х+1 лет, Вероятность умереть в течение предстоящего года жизни, Вероятность дожить до возраста х+1 лет, Числа живущих в возрасте х лет, Числа прожитых человеколет, Средняя продолжительность предстоящей жизни
# x, lx, dx, qx, px, Lx, Tx, ex

0       100000  1112    0.01112 0.98888 99444   6309877 63.10
1       98888   103     0.00104 0.99896 98837   6210433 62.80
2       98785   70      0.00071 0.99929 98750   6111596 61.87
3       98715   57      0.00057 0.99943 98687   6012846 60.91
4       98658   51      0.00052 0.99948 98633   5914160 59.95
5       98607   46      0.00047 0.99953 98584   5815527 58.98
6       98561   42      0.00042 0.99958 98540   5716944 58.00
7       98519   37      0.00037 0.99963 98501   5618404 57.03
8       98482   47      0.00048 0.99952 98458   5519903 56.05
9       98435   35      0.00035 0.99965 98417   5421445 55.08
10      98400   39      0.00040 0.99960 98380   5323028 54.10
11      98361   26      0.00027 0.99973 98348   5224648 53.12
12      98335   39      0.00039 0.99961 98316   5126300 52.13
13      98296   48      0.00049 0.99951 98273   5027983 51.15
14      98248   61      0.00062 0.99938 98219   4929710 50.18
15      98187   90      0.00091 0.99909 98144   4831491 49.21
16      98097   118     0.00121 0.99879 98041   4733347 48.25
17      97979   157     0.00161 0.99839 97904   4635306 47.31
18      97822   197     0.00201 0.99799 97727   4537402 46.38
19      97625   234     0.00239 0.99761 97513   4439675 45.48
20      97391   310     0.00319 0.99681 97240   4342163 44.58
21      97081   327     0.00337 0.99663 96919   4244923 43.73
22      96754   347     0.00359 0.99641 96581   4148004 42.87
23      96407   342     0.00355 0.99645 96236   4051423 42.02
24      96065   352     0.00366 0.99634 95890   3955187 41.17
25      95713   377     0.00394 0.99606 95525   3859296 40.32
26      95336   373     0.00392 0.99608 95152   3763771 39.48
27      94963   426     0.00449 0.99551 94753   3668619 38.63
28      94537   445     0.00470 0.99530 94318   3573866 37.80
29      94092   502     0.00533 0.99467 93845   3479549 36.98
30      93590   533     0.00570 0.99430 93327   3385704 36.18
31      93057   589     0.00633 0.99367 92766   3292377 35.38
32      92468   610     0.00660 0.99340 92164   3199611 34.60
33      91858   624     0.00679 0.99321 91549   3107447 33.83
34      91234   673     0.00738 0.99262 90900   3015898 33.06
35      90561   676     0.00746 0.99254 90224   2924998 32.30
36      89885   707     0.00787 0.99213 89533   2834774 31.54
37      89178   700     0.00785 0.99215 88829   2745241 30.78
38      88478   721     0.00814 0.99186 88119   2656413 30.02
39      87757   736     0.00838 0.99162 87391   2568294 29.27
40      87021   767     0.00881 0.99119 86639   2480903 28.51
41      86254   777     0.00901 0.99099 85866   2394264 27.76
42      85477   784     0.00917 0.99083 85088   2308397 27.01
43      84693   837     0.00989 0.99011 84279   2223310 26.25
44      83856   889     0.01060 0.98940 83415   2139031 25.51
45      82967   910     0.01097 0.98903 82516   2055616 24.78
46      82057   973     0.01186 0.98814 81575   1973101 24.05
47      81084   1019    0.01257 0.98743 80577   1891526 23.33
48      80065   1026    0.01282 0.98718 79555   1810949 22.62
49      79039   1102    0.01395 0.98605 78494   1731394 21.91
50      77937   1171    0.01503 0.98497 77355   1652900 21.21
51      76766   1188    0.01547 0.98453 76176   1575545 20.52
52      75578   1263    0.01671 0.98329 74953   1499369 19.84
53      74315   1338    0.01800 0.98200 73652   1424416 19.17
54      72977   1413    0.01937 0.98063 72277   1350764 18.51
55      71564   1505    0.02103 0.97897 70819   1278486 17.86
56      70059   1582    0.02258 0.97742 69275   1207668 17.24
57      68477   1662    0.02428 0.97572 67653   1138393 16.62
58      66815   1738    0.02601 0.97399 65950   1070741 16.03
59      65077   1760    0.02704 0.97296 64212   1004791 15.44
60      63317   2107    0.03327 0.96673 62277   940578  14.86
61      61210   2074    0.03388 0.96612 60173   878302  14.35
62      59136   2112    0.03572 0.96428 58086   818129  13.83
63      57024   2222    0.03897 0.96103 55908   760042  13.33
64      54802   1991    0.03633 0.96367 53811   704134  12.85
65      52811   2321    0.04394 0.95606 51654   650324  12.31
66      50490   2075    0.04110 0.95890 49444   598670  11.86
67      48415   2113    0.04365 0.95635 47367   549226  11.34
68      46302   2272    0.04908 0.95092 45163   501859  10.84
69      44030   2030    0.04611 0.95389 43025   456697  10.37
70      42000   2519    0.05997 0.94003 40753   413671  9.85
71      39481   2335    0.05915 0.94085 38308   372918  9.45
72      37146   2389    0.06431 0.93569 35958   334610  9.01
73      34757   2487    0.07157 0.92843 33509   298652  8.59
74      32270   2282    0.07072 0.92928 31125   265143  8.22
75      29988   2385    0.07954 0.92046 28797   234019  7.80
76      27603   2329    0.08436 0.91564 26435   205221  7.43
77      25274   2310    0.09140 0.90860 24111   178786  7.07
78      22964   2141    0.09323 0.90677 21884   154675  6.74
79      20823   2091    0.10044 0.89956 19778   132790  6.38
80      18732   2151    0.11485 0.88515 17651   113012  6.03
81      16581   1970    0.11883 0.88117 15585   95361   5.75
82      14611   1897    0.12983 0.87017 13654   79775   5.46
83      12714   1765    0.13884 0.86116 11821   66121   5.20
84      10949   1643    0.15009 0.84991 10114   54300   4.96
85      9306    1439    0.15464 0.84536 8569    44187   4.75
86      7867    1232    0.15656 0.84344 7235    35617   4.53
87      6635    1049    0.15803 0.84197 6101    28382   4.28
88      5586    1011    0.18101 0.81899 5071    22281   3.99
89      4575    817     0.17868 0.82132 4154    17210   3.76
90      3758    713     0.18983 0.81017 3395    13056   3.47
91      3045    665     0.21838 0.78162 2707    9661    3.17
92      2380    571     0.23982 0.76018 2088    6954    2.92
93      1809    505     0.27930 0.72070 1548    4867    2.69
94      1304    366     0.28084 0.71916 1110    3319    2.54
95      938     252     0.26895 0.73105 806     2208    2.35
96      686     215     0.31350 0.68650 575     1403    2.04
97      471     167     0.35444 0.64556 384     828     1.76
98      304     136     0.44616 0.55384 232     443     1.46
99      168     64      0.37937 0.62063 132     212     1.26
100     104     46      0.43853 0.56147 79      79      0.76
