# Таблица построена по данным АДХ-РСФСР модулем rtss.data.mortality.synthetic.MortalityTableADH
# Возраст в годах, Числа доживающих до возраста х лет, Числа умирающих при переходе от возраста x к возрасту х+1 лет, Вероятность умереть в течение предстоящего года жизни, Вероятность дожить до возраста х+1 лет, Числа живущих в возрасте х лет, Числа прожитых человеколет, Средняя продолжительность предстоящей жизни
# x, lx, dx, qx, px, Lx, Tx, ex

0       100000  27081   0.27081 0.72919 86460   3402915 34.03
1       72919   8403    0.11524 0.88476 68718   3316455 45.48
2       64516   3572    0.05537 0.94463 62730   3247738 50.34
3       60944   1893    0.03106 0.96894 59998   3185008 52.26
4       59051   1190    0.02016 0.97984 58456   3125010 52.92
5       57861   848     0.01465 0.98535 57414   3066554 53.00
6       57013   648     0.01136 0.98864 56675   3009140 52.78
7       56365   514     0.00911 0.99089 56098   2952465 52.38
8       55851   416     0.00745 0.99255 55636   2896366 51.86
9       55435   343     0.00618 0.99382 55258   2840730 51.24
10      55092   289     0.00524 0.99476 54944   2785472 50.56
11      54803   252     0.00459 0.99541 54674   2730528 49.82
12      54551   228     0.00419 0.99581 54436   2675854 49.05
13      54323   216     0.00398 0.99602 54214   2621419 48.26
14      54107   213     0.00393 0.99607 54001   2567204 47.45
15      53894   216     0.00401 0.99599 53787   2513204 46.63
16      53678   225     0.00420 0.99580 53566   2459417 45.82
17      53453   239     0.00447 0.99553 53335   2405851 45.01
18      53214   255     0.00480 0.99520 53088   2352516 44.21
19      52959   273     0.00516 0.99484 52824   2299428 43.42
20      52686   292     0.00554 0.99446 52542   2246604 42.64
21      52394   310     0.00592 0.99408 52241   2194062 41.88
22      52084   328     0.00630 0.99370 51921   2141822 41.12
23      51756   344     0.00664 0.99336 51585   2089900 40.38
24      51412   358     0.00696 0.99304 51234   2038315 39.65
25      51054   369     0.00724 0.99276 50870   1987081 38.92
26      50685   380     0.00751 0.99249 50496   1936211 38.20
27      50305   391     0.00777 0.99223 50110   1885715 37.49
28      49914   401     0.00803 0.99197 49714   1835604 36.78
29      49513   411     0.00830 0.99170 49308   1785890 36.07
30      49102   421     0.00858 0.99142 48892   1736582 35.37
31      48681   431     0.00885 0.99115 48466   1687689 34.67
32      48250   440     0.00911 0.99089 48031   1639223 33.97
33      47810   448     0.00937 0.99063 47587   1591192 33.28
34      47362   455     0.00961 0.99039 47135   1543606 32.59
35      46907   462     0.00984 0.99016 46677   1496471 31.90
36      46445   468     0.01007 0.98993 46212   1449794 31.22
37      45977   474     0.01030 0.98970 45740   1403583 30.53
38      45503   479     0.01054 0.98946 45264   1357842 29.84
39      45024   485     0.01077 0.98923 44782   1312578 29.15
40      44539   492     0.01104 0.98896 44294   1267796 28.46
41      44047   497     0.01129 0.98871 43799   1223503 27.78
42      43550   503     0.01154 0.98846 43299   1179704 27.09
43      43047   509     0.01182 0.98818 42793   1136405 26.40
44      42538   516     0.01212 0.98788 42281   1093612 25.71
45      42022   525     0.01250 0.98750 41760   1051331 25.02
46      41497   536     0.01292 0.98708 41230   1009571 24.33
47      40961   549     0.01341 0.98659 40688   968341  23.64
48      40412   565     0.01397 0.98603 40131   927653  22.95
49      39847   582     0.01460 0.98540 39557   887522  22.27
50      39265   595     0.01514 0.98486 38969   847965  21.60
51      38670   615     0.01590 0.98410 38364   808996  20.92
52      38055   636     0.01672 0.98328 37739   770632  20.25
53      37419   659     0.01760 0.98240 37091   732893  19.59
54      36760   682     0.01856 0.98144 36421   695802  18.93
55      36078   702     0.01945 0.98055 35729   659381  18.28
56      35376   730     0.02064 0.97936 35014   623652  17.63
57      34646   762     0.02200 0.97800 34268   588638  16.99
58      33884   799     0.02357 0.97643 33488   554370  16.36
59      33085   839     0.02537 0.97463 32669   520883  15.74
60      32246   877     0.02721 0.97279 31811   488214  15.14
61      31369   923     0.02943 0.97057 30911   456403  14.55
62      30446   969     0.03181 0.96819 29965   425492  13.98
63      29477   1013    0.03435 0.96565 28974   395526  13.42
64      28464   1054    0.03703 0.96297 27940   366552  12.88
65      27410   1094    0.03992 0.96008 26866   338612  12.35
66      26316   1130    0.04296 0.95704 25754   311746  11.85
67      25186   1165    0.04624 0.95376 24606   285992  11.36
68      24021   1197    0.04981 0.95019 23425   261386  10.88
69      22824   1226    0.05371 0.94629 22213   237961  10.43
70      21598   1242    0.05753 0.94247 20979   215748  9.99
71      20356   1265    0.06212 0.93788 19725   194769  9.57
72      19091   1281    0.06709 0.93291 18452   175044  9.17
73      17810   1290    0.07243 0.92757 17165   156592  8.79
74      16520   1290    0.07809 0.92191 15875   139427  8.44
75      15230   1280    0.08405 0.91595 14589   123552  8.11
76      13950   1257    0.09012 0.90988 13319   108964  7.81
77      12693   1221    0.09621 0.90379 12079   95645   7.54
78      11472   1172    0.10219 0.89781 10881   83566   7.28
79      10300   1112    0.10795 0.89205 9738    72684   7.06
80      9188    1037    0.11286 0.88714 8663    62946   6.85
81      8151    961     0.11785 0.88215 7664    54283   6.66
82      7190    880     0.12240 0.87760 6743    46619   6.48
83      6310    798     0.12648 0.87352 5904    39876   6.32
84      5512    717     0.13008 0.86992 5147    33971   6.16
85      4795    638     0.13310 0.86690 4470    28825   6.01
86      4157    565     0.13582 0.86418 3869    24355   5.86
87      3592    496     0.13819 0.86181 3339    20486   5.70
88      3096    434     0.14028 0.85972 2874    17148   5.54
89      2662    378     0.14214 0.85786 2469    14274   5.36
90      2284    329     0.14385 0.85615 2116    11805   5.17
91      1955    284     0.14545 0.85455 1810    9689    4.96
92      1671    246     0.14703 0.85297 1545    7880    4.72
93      1425    212     0.14861 0.85139 1316    6335    4.45
94      1213    182     0.15026 0.84974 1120    5019    4.14
95      1031    157     0.15200 0.84800 951     3899    3.78
96      874     134     0.15389 0.84611 805     2948    3.37
97      740     115     0.15594 0.84406 681     2143    2.90
98      625     99      0.15818 0.84182 574     1462    2.34
99      526     84      0.16063 0.83937 483     888     1.69
100     442     72      0.16328 0.83672 405     405     0.92
