# Таблица построена по данным АДХ-РСФСР модулем rtss.data.mortality.synthetic.MortalityTableADH
# Возраст в годах, Числа доживающих до возраста х лет, Числа умирающих при переходе от возраста x к возрасту х+1 лет, Вероятность умереть в течение предстоящего года жизни, Вероятность дожить до возраста х+1 лет, Числа живущих в возрасте х лет, Числа прожитых человеколет, Средняя продолжительность предстоящей жизни
# x, lx, dx, qx, px, Lx, Tx, ex

0       100000  22435   0.22435 0.77565 88783   3092989 30.93
1       77565   9447    0.12180 0.87820 72842   3004206 38.73
2       68118   4570    0.06708 0.93292 65833   2931365 43.03
3       63548   2414    0.03798 0.96202 62341   2865532 45.09
4       61134   1368    0.02238 0.97762 60450   2803191 45.85
5       59766   831     0.01390 0.98610 59316   2742741 45.89
6       58935   542     0.00920 0.99080 58645   2683425 45.53
7       58393   382     0.00654 0.99346 58192   2624780 44.95
8       58011   291     0.00501 0.99499 57860   2566588 44.24
9       57720   239     0.00415 0.99585 57597   2508728 43.46
10      57481   213     0.00371 0.99629 57373   2451131 42.64
11      57268   205     0.00358 0.99642 57165   2393758 41.80
12      57063   211     0.00370 0.99630 56959   2336593 40.95
13      56852   231     0.00406 0.99594 56739   2279634 40.10
14      56621   263     0.00465 0.99535 56493   2222895 39.26
15      56358   306     0.00544 0.99456 56209   2166403 38.44
16      56052   353     0.00630 0.99370 55879   2110194 37.65
17      55699   395     0.00709 0.99291 55504   2054315 36.88
18      55304   424     0.00766 0.99234 55094   1998810 36.14
19      54880   435     0.00793 0.99207 54663   1943717 35.42
20      54445   433     0.00795 0.99205 54228   1889054 34.70
21      54012   425     0.00786 0.99214 53799   1834826 33.97
22      53587   418     0.00780 0.99220 53378   1781027 33.24
23      53169   416     0.00783 0.99217 52961   1727649 32.49
24      52753   421     0.00799 0.99201 52543   1674688 31.75
25      52332   433     0.00828 0.99172 52117   1622145 31.00
26      51899   449     0.00866 0.99134 51676   1570028 30.25
27      51450   468     0.00910 0.99090 51218   1518352 29.51
28      50982   488     0.00957 0.99043 50740   1467135 28.78
29      50494   508     0.01006 0.98994 50242   1416395 28.05
30      49986   528     0.01057 0.98943 49724   1366153 27.33
31      49458   549     0.01111 0.98889 49185   1316430 26.62
32      48909   572     0.01170 0.98830 48625   1267244 25.91
33      48337   597     0.01236 0.98764 48041   1218619 25.21
34      47740   624     0.01307 0.98693 47430   1170579 24.52
35      47116   653     0.01385 0.98615 46792   1123148 23.84
36      46463   681     0.01467 0.98533 46125   1076356 23.17
37      45782   710     0.01550 0.98450 45429   1030232 22.50
38      45072   737     0.01635 0.98365 44706   984802  21.85
39      44335   763     0.01721 0.98279 43956   940097  21.20
40      43572   788     0.01809 0.98191 43180   896141  20.57
41      42784   814     0.01902 0.98098 42379   852961  19.94
42      41970   841     0.02004 0.97996 41552   810582  19.31
43      41129   870     0.02116 0.97884 40697   769030  18.70
44      40259   903     0.02242 0.97758 39810   728333  18.09
45      39356   938     0.02383 0.97617 38890   688523  17.49
46      38418   976     0.02539 0.97461 37933   649633  16.91
47      37442   1015    0.02712 0.97288 36938   611700  16.34
48      36427   1057    0.02901 0.97099 35902   574762  15.78
49      35370   1098    0.03104 0.96896 34824   538860  15.23
50      34272   1138    0.03321 0.96679 33706   504035  14.71
51      33134   1175    0.03546 0.96454 32549   470329  14.19
52      31959   1207    0.03777 0.96223 31358   437780  13.70
53      30752   1233    0.04009 0.95991 30137   406422  13.22
54      29519   1252    0.04241 0.95759 28894   376284  12.75
55      28267   1264    0.04470 0.95530 27636   347390  12.29
56      27003   1269    0.04698 0.95302 26369   319755  11.84
57      25734   1268    0.04926 0.95074 25100   293386  11.40
58      24466   1262    0.05157 0.94843 23834   268286  10.97
59      23204   1253    0.05398 0.94602 22577   244452  10.53
60      21951   1242    0.05657 0.94343 21329   221875  10.11
61      20709   1231    0.05945 0.94055 20093   200546  9.68
62      19478   1222    0.06272 0.93728 18866   180453  9.26
63      18256   1213    0.06646 0.93354 17649   161587  8.85
64      17043   1206    0.07075 0.92925 16439   143938  8.45
65      15837   1197    0.07560 0.92440 15238   127499  8.05
66      14640   1186    0.08100 0.91900 14046   112261  7.67
67      13454   1169    0.08690 0.91310 12868   98215   7.30
68      12285   1146    0.09325 0.90675 11710   85348   6.95
69      11139   1113    0.09993 0.90007 10579   73638   6.61
70      10026   1071    0.10684 0.89316 9487    63059   6.29
71      8955    1019    0.11380 0.88620 8441    53572   5.98
72      7936    958     0.12072 0.87928 7452    45131   5.69
73      6978    891     0.12764 0.87236 6527    37680   5.40
74      6087    820     0.13473 0.86527 5671    31153   5.12
75      5267    750     0.14239 0.85761 4886    25482   4.84
76      4517    683     0.15129 0.84871 4170    20595   4.56
77      3834    621     0.16198 0.83802 3518    16425   4.28
78      3213    562     0.17485 0.82515 2927    12907   4.02
79      2651    504     0.19001 0.80999 2394    9980    3.76
80      2147    445     0.20713 0.79287 1919    7586    3.53
81      1702    383     0.22518 0.77482 1505    5666    3.33
82      1319    321     0.24303 0.75697 1153    4161    3.15
83      998     259     0.25959 0.74041 864     3007    3.01
84      739     202     0.27399 0.72601 634     2144    2.90
85      537     153     0.28580 0.71420 457     1510    2.81
86      384     113     0.29519 0.70481 325     1053    2.74
87      271     82      0.30243 0.69757 228     729     2.69
88      189     58      0.30786 0.69214 158     501     2.65
89      131     41      0.31183 0.68817 109     343     2.62
90      90      28      0.31474 0.68526 75      234     2.60
91      62      20      0.31694 0.68306 51      159     2.56
92      42      13      0.31878 0.68122 35      107     2.55
93      29      9       0.32057 0.67943 24      72      2.49
94      20      6       0.32257 0.67743 17      48      2.40
95      14      5       0.32503 0.67497 11      31      2.22
96      9       3       0.32814 0.67186 7       20      2.19
97      6       2       0.33206 0.66794 5       12      2.06
98      4       1       0.33692 0.66308 3       7       1.85
99      3       1       0.34281 0.65719 3       4       1.32
100     2       1       0.34978 0.65022 1       1       0.73
