Таблица построена по данным АДХ-РСФСР модулем rtss.data.mortality.synthetic.MortalityTableADH
# Возраст в годах, Числа доживающих до возраста х лет, Числа умирающих при переходе от возраста x к возрасту х+1 лет, Вероятность умереть в течение предстоящего года жизни, Вероятность дожить до возраста х+1 лет, Числа живущих в возрасте х лет, Числа прожитых человеколет, Средняя продолжительность предстоящей жизни
# x, lx, dx, qx, px, Lx, Tx, ex

0       100000  11480   0.11480 0.88520 94260   5972802 59.73
1       88520   3218    0.03636 0.96364 86911   5878542 66.41
2       85302   1199    0.01406 0.98594 84703   5791631 67.90
3       84103   582     0.00693 0.99307 83812   5706928 67.86
4       83521   356     0.00426 0.99574 83343   5623116 67.33
5       83165   259     0.00312 0.99688 83029   5539773 66.61
6       82906   210     0.00253 0.99747 82798   5456744 65.82
7       82696   180     0.00218 0.99782 82604   5373946 64.98
8       82516   160     0.00193 0.99807 82434   5291342 64.13
9       82356   143     0.00174 0.99826 82283   5208908 63.25
10      82213   131     0.00159 0.99841 82147   5126625 62.36
11      82082   123     0.00149 0.99851 82020   5044478 61.46
12      81959   119     0.00145 0.99855 81899   4962458 60.55
13      81840   119     0.00145 0.99855 81781   4880559 59.64
14      81721   123     0.00151 0.99849 81660   4798778 58.72
15      81598   131     0.00161 0.99839 81533   4717118 57.81
16      81467   142     0.00174 0.99826 81397   4635585 56.90
17      81325   154     0.00189 0.99811 81249   4554188 56.00
18      81171   167     0.00205 0.99795 81089   4472939 55.11
19      81004   179     0.00221 0.99779 80915   4391850 54.22
20      80825   190     0.00235 0.99765 80731   4310935 53.34
21      80635   198     0.00246 0.99754 80537   4230204 52.46
22      80437   204     0.00253 0.99747 80335   4149667 51.59
23      80233   206     0.00257 0.99743 80130   4069332 50.72
24      80027   207     0.00258 0.99742 79924   3989202 49.85
25      79820   206     0.00258 0.99742 79717   3909278 48.98
26      79614   205     0.00257 0.99743 79511   3829561 48.10
27      79409   205     0.00258 0.99742 79307   3750050 47.22
28      79204   207     0.00261 0.99739 79101   3670743 46.35
29      78997   210     0.00266 0.99734 78892   3591643 45.47
30      78787   216     0.00274 0.99726 78679   3512750 44.59
31      78571   221     0.00282 0.99718 78461   3434071 43.71
32      78350   227     0.00290 0.99710 78237   3355610 42.83
33      78123   233     0.00298 0.99702 78007   3277373 41.95
34      77890   238     0.00306 0.99694 77771   3199366 41.08
35      77652   243     0.00313 0.99687 77531   3121595 40.20
36      77409   248     0.00321 0.99679 77285   3044064 39.32
37      77161   254     0.00329 0.99671 77035   2966778 38.45
38      76907   260     0.00338 0.99662 76778   2889744 37.57
39      76647   267     0.00349 0.99651 76514   2812966 36.70
40      76380   275     0.00361 0.99639 76243   2736452 35.83
41      76105   285     0.00374 0.99626 75963   2660209 34.95
42      75820   295     0.00388 0.99612 75673   2584245 34.08
43      75525   306     0.00405 0.99595 75373   2508572 33.22
44      75219   318     0.00423 0.99577 75061   2433199 32.35
45      74901   332     0.00443 0.99557 74736   2358138 31.48
46      74569   348     0.00467 0.99533 74397   2283402 30.62
47      74221   368     0.00495 0.99505 74039   2209005 29.76
48      73853   390     0.00528 0.99472 73660   2134966 28.91
49      73463   416     0.00566 0.99434 73257   2061307 28.06
50      73047   444     0.00608 0.99392 72827   1988049 27.22
51      72603   474     0.00652 0.99348 72369   1915222 26.38
52      72129   504     0.00698 0.99302 71880   1842853 25.55
53      71625   534     0.00746 0.99254 71361   1770974 24.73
54      71091   566     0.00796 0.99204 70811   1699613 23.91
55      70525   599     0.00850 0.99150 70229   1628803 23.10
56      69926   639     0.00914 0.99086 69610   1558574 22.29
57      69287   688     0.00993 0.99007 68948   1488964 21.49
58      68599   747     0.01089 0.98911 68231   1420016 20.70
59      67852   817     0.01205 0.98795 67450   1351785 19.92
60      67035   898     0.01339 0.98661 66593   1284336 19.16
61      66137   983     0.01486 0.98514 65653   1217743 18.41
62      65154   1067    0.01638 0.98362 64627   1152090 17.68
63      64087   1148    0.01792 0.98208 63520   1087463 16.97
64      62939   1224    0.01945 0.98055 62333   1023943 16.27
65      61715   1299    0.02105 0.97895 61072   961610  15.58
66      60416   1382    0.02287 0.97713 59733   900538  14.91
67      59034   1480    0.02508 0.97492 58303   840805  14.24
68      57554   1601    0.02781 0.97219 56765   782502  13.60
69      55953   1745    0.03119 0.96881 55093   725738  12.97
70      54208   1910    0.03524 0.96476 53267   670644  12.37
71      52298   2082    0.03981 0.96019 51271   617377  11.80
72      50216   2247    0.04475 0.95525 49105   566106  11.27
73      47969   2390    0.04983 0.95017 46785   517001  10.78
74      45579   2501    0.05487 0.94513 44336   470216  10.32
75      43078   2576    0.05979 0.94021 41795   425880  9.89
76      40502   2617    0.06463 0.93537 39196   384085  9.48
77      37885   2631    0.06946 0.93054 36570   344889  9.10
78      35254   2621    0.07433 0.92567 33942   308320  8.75
79      32633   2588    0.07929 0.92071 31335   274378  8.41
80      30045   2533    0.08432 0.91568 28773   243043  8.09
81      27512   2458    0.08933 0.91067 26276   214270  7.79
82      25054   2361    0.09425 0.90575 23865   187994  7.50
83      22693   2247    0.09902 0.90098 21559   164129  7.23
84      20446   2118    0.10357 0.89643 19376   142570  6.97
85      18328   1978    0.10791 0.89209 17327   123194  6.72
86      16350   1832    0.11203 0.88797 15422   105867  6.48
87      14518   1684    0.11597 0.88403 13664   90445   6.23
88      12834   1537    0.11975 0.88025 12053   76781   5.98
89      11297   1394    0.12340 0.87660 10588   64728   5.73
90      9903    1257    0.12694 0.87306 9263    54140   5.47
91      8646    1128    0.13042 0.86958 8072    44876   5.19
92      7518    1006    0.13388 0.86612 7005    36805   4.90
93      6512    894     0.13734 0.86266 6056    29799   4.58
94      5618    791     0.14083 0.85917 5214    23743   4.23
95      4827    697     0.14440 0.85560 4471    18529   3.84
96      4130    612     0.14807 0.85193 3817    14058   3.40
97      3518    534     0.15187 0.84813 3245    10241   2.91
98      2984    465     0.15582 0.84418 2746    6996    2.34
99      2519    403     0.15994 0.84006 2313    4250    1.69
100     2116    348     0.16424 0.83576 1937    1937    0.92
