# age, both genders, male, female

# Таблица построена дезагрегацией данных АДХ при помощи модуля rtss.data.population.synthetic.PopulationADH

0    5,903,831       2,984,740       2,919,091      
1    5,515,507       2,784,098       2,731,409      
2    5,093,353       2,566,094       2,527,259      
3    4,669,846       2,347,396       2,322,450      
4    4,277,463       2,144,671       2,132,792      
5    3,948,679       1,974,586       1,974,094      
6    3,715,974       1,853,809       1,862,165      
7    3,612,523       1,799,297       1,813,227      
8    3,703,887       1,843,214       1,860,673      
9    3,994,937       1,988,095       2,006,842      
10   4,365,093       2,173,339       2,191,754      
11   4,684,400       2,333,385       2,351,015      
12   4,825,458       2,404,058       2,421,400      
13   4,752,586       2,369,246       2,383,340      
14   4,548,463       2,270,971       2,277,491      
15   4,274,734       2,137,763       2,136,971      
16   3,990,439       1,996,723       1,993,717      
17   3,751,920       1,873,596       1,878,324      
18   3,538,602       1,756,311       1,782,292      
19   3,308,305       1,625,608       1,682,697      
20   3,094,184       1,501,733       1,592,451      
21   2,933,722       1,407,143       1,526,579      
22   2,865,389       1,364,514       1,500,874      
23   2,945,196       1,400,247       1,544,949      
24   3,163,510       1,507,363       1,656,147      
25   3,435,658       1,643,561       1,792,097      
26   3,673,336       1,764,614       1,908,722      
27   3,789,154       1,826,667       1,962,487      
28   3,752,536       1,815,998       1,936,538      
29   3,626,315       1,767,160       1,859,155      
30   3,455,085       1,698,257       1,756,828      
31   3,279,825       1,624,640       1,655,185      
32   3,140,188       1,561,045       1,579,143      
33   3,033,995       1,503,809       1,530,187      
34   2,929,908       1,440,250       1,489,657      
35   2,825,074       1,372,951       1,452,123      
36   2,718,565       1,305,430       1,413,136      
37   2,609,462       1,241,076       1,368,386      
38   2,497,555       1,179,407       1,318,148      
39   2,384,343       1,118,136       1,266,208      
40   2,271,716       1,058,253       1,213,463      
41   2,161,559       1,000,951       1,160,608      
42   2,055,426       947,309         1,108,116      
43   1,946,743       895,473         1,051,270      
44   1,832,557       844,013         988,543        
45   1,722,100       795,269         926,831        
46   1,625,209       751,773         873,436        
47   1,551,485       716,038         835,447        
48   1,501,832       689,178         812,654        
49   1,466,374       668,743         797,632        
50   1,437,782       651,373         786,409        
51   1,409,004       633,710         775,294        
52   1,373,148       612,432         760,716        
53   1,328,895       586,000         742,894        
54   1,281,172       556,485         724,687        
55   1,232,808       526,437         706,371        
56   1,186,432       498,383         688,049        
57   1,144,650       474,805         669,845        
58   1,108,655       456,345         652,310        
59   1,076,455       441,030         635,426        
60   1,045,441       427,177         618,265        
61   1,013,011       413,155         599,856        
62   976,616         397,390         579,225        
63   935,585         380,037         555,547        
64   891,348         362,241         529,107        
65   844,626         343,815         500,811        
66   796,076         324,488         471,588        
67   746,230         303,924         442,306        
68   692,678         280,348         412,330        
69   634,390         253,425         380,965        
70   574,810         225,557         349,253        
71   517,602         199,269         318,333        
72   466,307         177,021         289,286        
73   420,612         158,973         261,639        
74   377,669         143,180         234,489        
75   337,360         128,895         208,465        
76   299,747         115,464         184,283        
77   264,792         102,211         162,581        
78   230,117         88,090          142,027        
79   194,985         73,341          121,645        
80   162,601         59,556          103,046        
81   136,357         48,381          87,976         
82   119,435         41,369          78,066         
83   108,819         37,247          71,572         
84   98,787          33,447          65,340         
85   85,243          28,564          56,679         
86   69,035          22,928          46,106         
87   55,248          18,226          37,022         
88   43,607          14,324          29,283         
89   33,862          11,105          22,756         
90   25,788          8,470           17,318         
91   19,182          6,332           12,850         
92   13,862          4,617           9,245          
93   9,660           3,262           6,398          
94   6,425           2,211           4,213          
95   4,015           1,418           2,597          
96   2,300           841             1,460          
97   1,159           443             716            
98   473             193             281            
99   130             58              72             
100  13              7               6              
