# age, male, female, both genders

Total                  122,328,833      140,107,394      262,436,227
0                      2,282,374        2,204,439        4,486,813
1                      2,316,169        2,244,565        4,560,734
2                      2,327,612        2,255,682        4,583,294
3                      2,301,148        2,232,827        4,533,975
4                      2,284,584        2,210,667        4,495,251
0-4                    11,511,887       11,148,180       22,660,067
5                      2,209,974        2,141,528        4,351,502
6                      2,261,535        2,185,095        4,446,630
7                      2,182,247        2,105,684        4,287,931
8                      2,156,912        2,092,023        4,248,935
9                      2,040,659        1,980,130        4,020,789
5-9                    10,851,327       10,504,460       21,355,787
10                     2,095,760        2,034,390        4,130,150
11                     2,024,466        1,959,812        3,984,278
12                     2,144,385        2,076,771        4,221,156
13                     2,131,401        2,063,890        4,195,291
14                     2,243,391        2,168,066        4,411,457
10-14                  10,639,403       10,302,929       20,942,332
15                     2,385,953        2,288,964        4,674,917
16                     2,492,378        2,391,524        4,883,902
17                     2,555,851        2,431,408        4,987,259
18                     2,670,022        2,505,813        5,175,835
19                     2,637,334        2,404,118        5,041,452
15-19                  12,741,538       12,021,827       24,763,365
20                     2,584,950        2,488,912        5,073,862
21                     2,437,189        2,380,939        4,818,128
22                     2,362,569        2,333,697        4,696,266
23                     2,359,709        2,320,838        4,680,547
24                     2,351,605        2,313,045        4,664,650
20-24                  12,096,022       11,837,431       23,933,453
25                     2,160,081        2,136,598        4,296,679
26                     2,187,485        2,169,898        4,357,383
27                     2,150,229        2,110,751        4,260,980
28                     2,100,499        2,079,206        4,179,705
29                     2,126,569        2,117,451        4,244,020
25-29                  10,724,863       10,613,904       21,338,767
30                     1,911,396        1,911,423        3,822,819
31                     1,738,585        1,734,479        3,473,064
32                     1,639,345        1,640,959        3,280,304
33                     1,033,853        1,045,403        2,079,256
34                     939,854          963,316          1,903,170
30-34                  7,263,033        7,295,580        14,558,613
35                     875,784          897,848          1,773,632
36                     1,176,314        1,246,578        2,422,892
37                     1,750,325        1,837,030        3,587,355
38                     1,849,311        1,948,161        3,797,472
39                     2,027,466        2,171,750        4,199,216
35-39                  7,679,200        8,101,367        15,780,567
40                     2,196,143        2,362,882        4,559,025
41                     2,140,940        2,261,067        4,402,007
42                     1,895,710        2,024,068        3,919,778
43                     1,655,816        1,737,546        3,393,362
44                     1,381,326        1,456,990        2,838,316
40-44                  9,269,935        9,842,553        19,112,488
45                     1,335,364        1,432,789        2,768,153
46                     1,545,456        1,712,663        3,258,119
47                     1,518,890        1,619,850        3,138,740
48                     1,786,741        1,976,643        3,763,384
49                     1,712,388        1,916,943        3,629,331
45-49                  7,898,839        8,658,888        16,557,727
50                     1,872,024        2,193,756        4,065,780
51                     1,677,928        1,953,350        3,631,278
52                     1,488,486        1,951,281        3,439,767
53                     1,237,406        1,830,953        3,068,359
54                     1,116,842        1,794,576        2,911,418
50-54                  7,392,686        9,723,916        17,116,602
55                     952,412          1,717,313        2,669,725
56                     808,557          1,519,927        2,328,484
57                     703,958          1,243,037        1,946,995
58                     645,938          1,169,201        1,815,139
59                     601,930          1,080,133        1,682,063
55-59                  3,712,795        6,729,611        10,442,406
60                     713,290          1,328,815        2,042,105
61                     477,229          863,137          1,340,366
62                     511,257          975,384          1,486,641
63                     597,604          1,162,187        1,759,791
64                     722,158          1,468,523        2,190,681
60-64                  3,021,538        5,798,046        8,819,584
65                     687,922          1,341,375        2,029,297
66                     700,659          1,464,169        2,164,828
67                     637,768          1,251,132        1,888,900
68                     624,234          1,377,427        2,001,661
69                     538,043          1,113,903        1,651,946
65-69                  3,188,626        6,548,006        9,736,632
70                     521,316          1,168,659        1,689,975
71                     473,074          1,017,153        1,490,227
72                     440,790          993,268          1,434,058
73                     391,436          946,784          1,338,220
74                     351,670          854,837          1,206,507
70-74                  2,178,286        4,980,701        7,158,987
75                     319,145          820,470          1,139,615
76                     276,264          743,949          1,020,213
77                     213,353          568,302          781,655
78                     245,293          774,338          1,019,631
79                     160,313          401,983          562,296
75-79                  1,214,368        3,309,042        4,523,410
80                     157,166          464,555          621,721
81                     117,322          310,152          427,474
82                     111,225          313,078          424,303
83                     98,577           272,818          371,395
84                     81,087           220,262          301,349
80-84                  565,377          1,580,865        2,146,242
85                     69,021           191,864          260,885
86                     58,367           164,450          222,817
87                     41,206           114,776          155,982
88                     39,296           129,665          168,961
89                     25,302           86,648           111,950
85-89                  233,192          687,403          920,595
90                     29,963           110,848          140,811
91                     25,198           66,296           91,494
92                     12,823           45,615           58,438
93                     10,127           36,437           46,564
94                     7,594            27,458           35,052
90-94                  85,705           286,654          372,359
95                     5,793            22,099           27,892
96                     5,156            18,925           24,081
97                     3,107            11,054           14,161
98                     4,094            14,254           18,348
99                     1,972            7,008            8,980
95-99                  20,122           73,340           93,462
100 лет и старше       2,849            11,189           14,038
возраст не указан      37,242           51,502           88,744
