# Таблица построена по данным АДХ-РСФСР модулем rtss.data.mortality.synthetic.MortalityTableADH
# Возраст в годах, Числа доживающих до возраста х лет, Числа умирающих при переходе от возраста x к возрасту х+1 лет, Вероятность умереть в течение предстоящего года жизни, Вероятность дожить до возраста х+1 лет, Числа живущих в возрасте х лет, Числа прожитых человеколет, Средняя продолжительность предстоящей жизни
# x, lx, dx, qx, px, Lx, Tx, ex

0       100000  25730   0.25730 0.74270 87135   3597996 35.98
1       74270   8352    0.11245 0.88755 70094   3510861 47.27
2       65918   3644    0.05528 0.94472 64096   3440767 52.20
3       62274   1965    0.03156 0.96844 61292   3376671 54.22
4       60309   1249    0.02071 0.97929 59685   3315379 54.97
5       59060   891     0.01508 0.98492 58591   3255695 55.13
6       58169   675     0.01160 0.98840 57816   3197104 54.96
7       57494   526     0.00915 0.99085 57220   3139288 54.60
8       56968   415     0.00729 0.99271 56752   3082068 54.10
9       56553   332     0.00588 0.99412 56381   3025315 53.50
10      56221   271     0.00483 0.99517 56081   2968934 52.81
11      55950   230     0.00412 0.99588 55832   2912853 52.06
12      55720   205     0.00368 0.99632 55616   2857021 51.27
13      55515   192     0.00346 0.99654 55418   2801405 50.46
14      55323   189     0.00342 0.99658 55229   2745987 49.64
15      55134   194     0.00352 0.99648 55038   2690758 48.80
16      54940   205     0.00373 0.99627 54839   2635720 47.97
17      54735   221     0.00403 0.99597 54626   2580882 47.15
18      54514   240     0.00440 0.99560 54396   2526256 46.34
19      54274   261     0.00482 0.99518 54145   2471860 45.54
20      54013   284     0.00526 0.99474 53873   2417715 44.76
21      53729   306     0.00570 0.99430 53578   2363842 44.00
22      53423   327     0.00613 0.99387 53261   2310264 43.24
23      53096   347     0.00653 0.99347 52924   2257003 42.51
24      52749   363     0.00689 0.99311 52569   2204079 41.78
25      52386   378     0.00721 0.99279 52198   2151510 41.07
26      52008   391     0.00751 0.99249 51814   2099312 40.37
27      51617   403     0.00780 0.99220 51416   2047498 39.67
28      51214   414     0.00809 0.99191 51008   1996082 38.98
29      50800   426     0.00838 0.99162 50588   1945074 38.29
30      50374   436     0.00866 0.99134 50157   1894486 37.61
31      49938   445     0.00891 0.99109 49716   1844329 36.93
32      49493   452     0.00914 0.99086 49268   1794613 36.26
33      49041   457     0.00932 0.99068 48813   1745345 35.59
34      48584   460     0.00947 0.99053 48354   1696533 34.92
35      48124   461     0.00958 0.99042 47894   1648178 34.25
36      47663   461     0.00967 0.99033 47432   1600285 33.57
37      47202   460     0.00975 0.99025 46972   1552852 32.90
38      46742   459     0.00981 0.99019 46512   1505881 32.22
39      46283   456     0.00986 0.99014 46055   1459368 31.53
40      45827   452     0.00987 0.99013 45601   1413314 30.84
41      45375   447     0.00984 0.99016 45151   1367713 30.14
42      44928   439     0.00976 0.99024 44708   1322562 29.44
43      44489   429     0.00965 0.99035 44274   1277854 28.72
44      44060   420     0.00953 0.99047 43849   1233580 28.00
45      43640   412     0.00945 0.99055 43434   1189731 27.26
46      43228   409     0.00945 0.99055 43023   1146298 26.52
47      42819   410     0.00959 0.99041 42614   1103274 25.77
48      42409   419     0.00987 0.99013 42200   1060660 25.01
49      41990   433     0.01031 0.98969 41775   1018459 24.25
50      41557   453     0.01089 0.98911 41332   976684  23.50
51      41104   476     0.01158 0.98842 40868   935352  22.76
52      40628   502     0.01235 0.98765 40379   894484  22.02
53      40126   528     0.01316 0.98684 39864   854105  21.29
54      39598   555     0.01402 0.98598 39323   814241  20.56
55      39043   583     0.01492 0.98508 38754   774918  19.85
56      38460   612     0.01592 0.98408 38157   736164  19.14
57      37848   645     0.01704 0.98296 37528   698008  18.44
58      37203   682     0.01832 0.98168 36865   660479  17.75
59      36521   723     0.01980 0.98020 36163   623614  17.08
60      35798   769     0.02149 0.97851 35418   587451  16.41
61      35029   819     0.02339 0.97661 34624   552033  15.76
62      34210   872     0.02550 0.97450 33779   517409  15.12
63      33338   927     0.02780 0.97220 32879   483631  14.51
64      32411   983     0.03032 0.96968 31924   450752  13.91
65      31428   1038    0.03304 0.96696 30914   418828  13.33
66      30390   1093    0.03597 0.96403 29848   387914  12.76
67      29297   1147    0.03914 0.96086 28728   358066  12.22
68      28150   1198    0.04257 0.95743 27555   329338  11.70
69      26952   1248    0.04629 0.95371 26332   301783  11.20
70      25704   1294    0.05035 0.94965 25061   275451  10.72
71      24410   1339    0.05484 0.94516 23744   250390  10.26
72      23071   1380    0.05981 0.94019 22384   226646  9.82
73      21691   1416    0.06528 0.93472 20986   204262  9.42
74      20275   1444    0.07121 0.92879 19555   183276  9.04
75      18831   1459    0.07746 0.92254 18102   163721  8.69
76      17372   1455    0.08376 0.91624 16643   145619  8.38
77      15917   1430    0.08985 0.91015 15199   128976  8.10
78      14487   1383    0.09547 0.90453 13791   113777  7.85
79      13104   1317    0.10047 0.89953 12439   99986   7.63
80      11787   1235    0.10478 0.89522 11162   87547   7.43
81      10552   1145    0.10851 0.89149 9972    76385   7.24
82      9407    1051    0.11176 0.88824 8874    66413   7.06
83      8356    958     0.11464 0.88536 7869    57539   6.89
84      7398    867     0.11722 0.88278 6957    49670   6.71
85      6531    781     0.11957 0.88043 6134    42713   6.54
86      5750    700     0.12172 0.87828 5394    36579   6.36
87      5050    625     0.12370 0.87630 4732    31186   6.18
88      4425    556     0.12555 0.87445 4142    26454   5.98
89      3869    493     0.12730 0.87270 3617    22313   5.77
90      3376    435     0.12899 0.87101 3154    18695   5.54
91      2941    384     0.13064 0.86936 2745    15541   5.28
92      2557    338     0.13228 0.86772 2384    12796   5.00
93      2219    297     0.13394 0.86606 2067    10412   4.69
94      1922    261     0.13565 0.86435 1789    8345    4.34
95      1661    228     0.13742 0.86258 1544    6556    3.95
96      1433    200     0.13928 0.86072 1331    5012    3.50
97      1233    174     0.14123 0.85877 1144    3681    2.99
98      1059    152     0.14330 0.85670 981     2537    2.40
99      907     132     0.14549 0.85451 839     1556    1.72
100     775     115     0.14781 0.85219 716     716     0.92
