# age, both genders, male, female

# Таблица построена дезагрегацией данных АДХ при помощи модуля rtss.data.population.synthetic.PopulationADH

0    2,798,452       1,424,234       1,374,218      
1    2,692,935       1,370,463       1,322,472      
2    2,588,169       1,317,180       1,270,989      
3    2,483,435       1,263,918       1,219,517      
4    2,378,008       1,210,205       1,167,803      
5    2,271,165       1,155,571       1,115,594      
6    2,162,184       1,099,548       1,062,636      
7    2,048,806       1,040,863       1,007,943      
8    1,893,924       960,121         933,803        
9    1,688,921       852,897         836,024        
10   1,486,745       746,903         739,842        
11   1,343,251       671,366         671,885        
12   1,320,190       658,389         661,801        
13   1,486,832       743,625         743,207        
14   1,797,982       903,717         894,265        
15   2,163,809       1,091,877       1,071,932      
16   2,494,274       1,261,201       1,233,073      
17   2,699,333       1,364,779       1,334,554      
18   2,700,097       1,362,228       1,337,869      
19   2,515,486       1,264,915       1,250,571      
20   2,244,976       1,122,857       1,122,119      
21   1,993,415       988,204         1,005,211      
22   1,865,081       913,068         952,013        
23   1,923,459       935,509         987,950        
24   2,111,069       1,029,361       1,081,708      
25   2,331,331       1,138,357       1,192,974      
26   2,487,253       1,205,526       1,281,727      
27   2,493,608       1,184,303       1,309,305      
28   2,345,649       1,081,200       1,264,449      
29   2,102,157       930,613         1,171,544      
30   1,825,515       767,842         1,057,673      
31   1,578,038       628,184         949,854        
32   1,419,492       545,461         874,031        
33   1,332,349       508,522         823,827        
34   1,257,607       480,991         776,616        
35   1,197,798       461,515         736,283        
36   1,159,309       450,957         708,352        
37   1,149,428       450,356         699,072        
38   1,191,715       465,870         725,845        
39   1,286,750       498,302         788,448        
40   1,401,107       536,572         864,535        
41   1,499,895       568,912         930,983        
42   1,548,532       583,730         964,802        
43   1,533,100       577,531         955,569        
44   1,477,366       558,255         919,111        
45   1,401,361       531,520         869,841        
46   1,323,912       502,606         821,306        
47   1,263,298       476,560         786,738        
48   1,219,999       451,630         768,369        
49   1,180,429       423,683         756,746        
50   1,141,926       394,903         747,023        
51   1,102,603       367,844         734,759        
52   1,060,447       344,974         715,473        
53   1,011,018       326,111         684,907        
54   954,006         309,168         644,838        
55   894,932         293,833         601,099        
56   839,577         279,915         559,662        
57   793,552         267,237         526,315        
58   756,947         255,972         500,975        
59   724,991         246,043         478,948        
60   695,953         236,782         459,171        
61   668,330         227,495         440,835        
62   640,686         217,503         423,183        
63   613,455         206,691         406,764        
64   587,575         195,528         392,047        
65   562,131         184,227         377,904        
66   536,105         172,981         363,124        
67   508,487         161,978         346,509        
68   478,777         151,226         327,551        
69   447,500         140,588         306,912        
70   415,311         130,039         285,272        
71   382,855         119,557         263,298        
72   350,713         109,107         241,606        
73   317,742         98,280          219,462        
74   283,380         87,017          196,363        
75   249,510         75,952          173,558        
76   218,137         65,749          152,388        
77   191,150         57,035          134,115        
78   167,133         49,326          117,807        
79   144,070         41,937          102,133        
80   123,407         35,348          88,059         
81   106,786         30,103          76,683         
82   95,725          26,706          69,019         
83   88,212          24,493          63,719         
84   80,869          22,350          58,519         
85   69,735          18,944          50,791         
86   55,617          14,601          41,016         
87   43,656          11,053          32,603         
88   33,646          8,196           25,450         
89   25,386          5,933           19,453         
90   18,677          4,173           14,504         
91   13,336          2,837           10,499         
92   9,181           1,850           7,331          
93   6,040           1,145           4,895          
94   3,751           664             3,087          
95   2,157           352             1,805          
96   1,115           165             950            
97   494             65              429            
98   169             19              150            
99   36              3               33             
100  2               0               2              
