# # Таблица построена модулем rtss.rosbris1959.ExportMortalityTables по данным в РосБРИС для РСФСР 2006
# Возраст в годах, Числа доживающих до возраста х лет, Числа умирающих при переходе от возраста x к возрасту х+1 лет, Вероятность умереть в течение предстоящего года жизни, Вероятность дожить до возраста х+1 лет, Числа живущих в возрасте х лет, Числа прожитых человеколет, Средняя продолжительность предстоящей жизни
# x, lx, dx, qx, px, Lx, Tx, ex

0       100000  954     0.00954 0.99046 99523   6742653 67.43
1       99046   86      0.00087 0.99913 99003   6643130 67.07
2       98960   53      0.00053 0.99947 98934   6544127 66.13
3       98907   46      0.00046 0.99954 98884   6445194 65.16
4       98861   45      0.00046 0.99954 98839   6346310 64.19
5       98816   35      0.00035 0.99965 98798   6247471 63.22
6       98781   27      0.00028 0.99972 98767   6148673 62.25
7       98754   30      0.00030 0.99970 98739   6049906 61.26
8       98724   28      0.00028 0.99972 98710   5951167 60.28
9       98696   28      0.00029 0.99971 98682   5852457 59.30
10      98668   28      0.00028 0.99972 98654   5753775 58.31
11      98640   27      0.00027 0.99973 98626   5655121 57.33
12      98613   27      0.00027 0.99973 98600   5556495 56.35
13      98586   35      0.00035 0.99965 98569   5457895 55.36
14      98551   40      0.00040 0.99960 98532   5359326 54.38
15      98511   58      0.00059 0.99941 98483   5260794 53.40
16      98453   72      0.00073 0.99927 98418   5162311 52.43
17      98381   87      0.00088 0.99912 98339   5063892 51.47
18      98294   109     0.00110 0.99890 98241   4965553 50.52
19      98185   131     0.00134 0.99866 98121   4867312 49.57
20      98054   140     0.00143 0.99857 97985   4769191 48.64
21      97914   164     0.00168 0.99832 97834   4671206 47.71
22      97750   195     0.00200 0.99800 97655   4573371 46.79
23      97555   230     0.00236 0.99764 97443   4475716 45.88
24      97325   275     0.00283 0.99717 97191   4378273 44.99
25      97050   310     0.00320 0.99680 96897   4281082 44.11
26      96740   326     0.00337 0.99663 96579   4184185 43.25
27      96414   365     0.00378 0.99622 96234   4087606 42.40
28      96049   383     0.00399 0.99601 95859   3991372 41.56
29      95666   395     0.00413 0.99587 95471   3895513 40.72
30      95271   454     0.00476 0.99524 95045   3800042 39.89
31      94817   425     0.00448 0.99552 94604   3704996 39.08
32      94392   434     0.00460 0.99540 94176   3610393 38.25
33      93958   438     0.00466 0.99534 93740   3516217 37.42
34      93520   457     0.00489 0.99511 93294   3422477 36.60
35      93063   488     0.00525 0.99475 92820   3329184 35.77
36      92575   481     0.00520 0.99480 92335   3236364 34.96
37      92094   499     0.00542 0.99458 91846   3144029 34.14
38      91595   520     0.00567 0.99433 91337   3052182 33.32
39      91075   558     0.00612 0.99388 90802   2960845 32.51
40      90517   661     0.00731 0.99269 90189   2870043 31.71
41      89856   617     0.00687 0.99313 89547   2779854 30.94
42      89239   642     0.00720 0.99280 88920   2690308 30.15
43      88597   671     0.00757 0.99243 88265   2601387 29.36
44      87926   718     0.00817 0.99183 87572   2513123 28.58
45      87208   782     0.00897 0.99103 86821   2425551 27.81
46      86426   803     0.00930 0.99070 86027   2338730 27.06
47      85623   843     0.00985 0.99015 85205   2252703 26.31
48      84780   883     0.01041 0.98959 84342   2167499 25.57
49      83897   922     0.01099 0.98901 83444   2083157 24.83
50      82975   1068    0.01287 0.98713 82447   1999713 24.10
51      81907   1077    0.01315 0.98685 81369   1917266 23.41
52      80830   1090    0.01348 0.98652 80287   1835896 22.71
53      79740   1120    0.01405 0.98595 79185   1755609 22.02
54      78620   1207    0.01536 0.98464 78022   1676425 21.32
55      77413   1253    0.01618 0.98382 76790   1598402 20.65
56      76160   1292    0.01696 0.98304 75521   1521612 19.98
57      74868   1427    0.01906 0.98094 74154   1446091 19.32
58      73441   1284    0.01748 0.98252 72805   1371937 18.68
59      72157   1573    0.02180 0.97820 71379   1299132 18.00
60      70584   1499    0.02124 0.97876 69834   1227752 17.39
61      69085   1563    0.02263 0.97737 68307   1157918 16.76
62      67522   1593    0.02359 0.97641 66721   1089611 16.14
63      65929   1464    0.02221 0.97779 65208   1022890 15.52
64      64465   1852    0.02873 0.97127 63549   957682  14.86
65      62613   1699    0.02714 0.97286 61762   894133  14.28
66      60914   1810    0.02971 0.97029 60020   832371  13.66
67      59104   1960    0.03315 0.96685 58128   772351  13.07
68      57144   1900    0.03324 0.96676 56198   714224  12.50
69      55244   2065    0.03737 0.96263 54223   658025  11.91
70      53179   2168    0.04077 0.95923 52104   603803  11.35
71      51011   2284    0.04478 0.95522 49871   551698  10.82
72      48727   2216    0.04547 0.95453 47623   501827  10.30
73      46511   2380    0.05116 0.94884 45332   454204  9.77
74      44131   2480    0.05619 0.94381 42896   408872  9.26
75      41651   2503    0.06008 0.93992 40403   365976  8.79
76      39148   2570    0.06564 0.93436 37869   325573  8.32
77      36578   2643    0.07226 0.92774 35262   287704  7.87
78      33935   2702    0.07963 0.92037 32585   252442  7.44
79      31233   2656    0.08504 0.91496 29901   219858  7.04
80      28577   2594    0.09077 0.90923 27275   189957  6.65
81      25983   2536    0.09761 0.90239 24713   162682  6.26
82      23447   2552    0.10884 0.89116 22163   137969  5.88
83      20895   2338    0.11188 0.88812 19717   115806  5.54
84      18557   2347    0.12649 0.87351 17379   96089   5.18
85      16210   2238    0.13804 0.86196 15082   78709   4.86
86      13972   2141    0.15322 0.84678 12890   63627   4.55
87      11831   1952    0.16498 0.83502 10836   50737   4.29
88      9879    1687    0.17078 0.82922 9019    39901   4.04
89      8192    1552    0.18942 0.81058 7399    30883   3.77
90      6640    1271    0.19135 0.80865 5986    23484   3.54
91      5369    1108    0.20646 0.79354 4799    17498   3.26
92      4261    888     0.20847 0.79153 3802    12699   2.98
93      3373    755     0.22387 0.77613 2986    8896    2.64
94      2618    664     0.25368 0.74632 2279    5910    2.26
95      1954    580     0.29681 0.70319 1664    3632    1.86
96      1374    663     0.48245 0.51755 1034    1968    1.43
97      711     376     0.52828 0.47172 502     934     1.31
98      335     169     0.50403 0.49597 238     431     1.29
99      166     80      0.47894 0.52106 120     193     1.16
100     86      20      0.22900 0.77100 73      73      0.85
