# # Таблица построена модулем rtss.rosbris1959.ExportMortalityTables по данным в РосБРИС для РСФСР 2006
# Возраст в годах, Числа доживающих до возраста х лет, Числа умирающих при переходе от возраста x к возрасту х+1 лет, Вероятность умереть в течение предстоящего года жизни, Вероятность дожить до возраста х+1 лет, Числа живущих в возрасте х лет, Числа прожитых человеколет, Средняя продолжительность предстоящей жизни
# x, lx, dx, qx, px, Lx, Tx, ex

0       100000  1066    0.01066 0.98934 99467   6111732 61.12
1       98934   98      0.00099 0.99901 98885   6012265 60.77
2       98836   60      0.00061 0.99939 98806   5913380 59.83
3       98776   51      0.00052 0.99948 98751   5814574 58.87
4       98725   54      0.00055 0.99945 98698   5715823 57.90
5       98671   39      0.00039 0.99961 98651   5617125 56.93
6       98632   33      0.00033 0.99967 98615   5518475 55.95
7       98599   36      0.00037 0.99963 98581   5419859 54.97
8       98563   34      0.00034 0.99966 98546   5321278 53.99
9       98529   30      0.00031 0.99969 98514   5222733 53.01
10      98499   34      0.00035 0.99965 98482   5124219 52.02
11      98465   36      0.00036 0.99964 98447   5025736 51.04
12      98429   34      0.00034 0.99966 98412   4927289 50.06
13      98395   42      0.00042 0.99958 98375   4828877 49.08
14      98353   49      0.00049 0.99951 98330   4730502 48.10
15      98304   73      0.00074 0.99926 98269   4632173 47.12
16      98231   95      0.00097 0.99903 98186   4533903 46.16
17      98136   121     0.00123 0.99877 98078   4435718 45.20
18      98015   159     0.00162 0.99838 97939   4337640 44.25
19      97856   198     0.00203 0.99797 97759   4239701 43.33
20      97658   216     0.00221 0.99779 97552   4141941 42.41
21      97442   255     0.00262 0.99738 97318   4044389 41.51
22      97187   304     0.00313 0.99687 97039   3947071 40.61
23      96883   360     0.00372 0.99628 96709   3850032 39.74
24      96523   439     0.00455 0.99545 96309   3753323 38.89
25      96084   488     0.00508 0.99492 95843   3657014 38.06
26      95596   519     0.00543 0.99457 95340   3561171 37.25
27      95077   579     0.00609 0.99391 94792   3465830 36.45
28      94498   616     0.00652 0.99348 94192   3371039 35.67
29      93882   630     0.00671 0.99329 93571   3276847 34.90
30      93252   723     0.00775 0.99225 92892   3183275 34.14
31      92529   668     0.00722 0.99278 92193   3090383 33.40
32      91861   679     0.00740 0.99260 91522   2998190 32.64
33      91182   678     0.00743 0.99257 90844   2906668 31.88
34      90504   700     0.00774 0.99226 90156   2815824 31.11
35      89804   733     0.00816 0.99184 89438   2725668 30.35
36      89071   723     0.00812 0.99188 88710   2636230 29.60
37      88348   750     0.00849 0.99151 87975   2547519 28.84
38      87598   778     0.00888 0.99112 87213   2459544 28.08
39      86820   847     0.00976 0.99024 86406   2372331 27.32
40      85973   1009    0.01174 0.98826 85472   2285925 26.59
41      84964   932     0.01097 0.98903 84496   2200453 25.90
42      84032   959     0.01141 0.98859 83556   2115957 25.18
43      83073   1012    0.01218 0.98782 82572   2032401 24.47
44      82061   1081    0.01317 0.98683 81527   1949829 23.76
45      80980   1169    0.01443 0.98557 80400   1868302 23.07
46      79811   1197    0.01500 0.98500 79216   1787902 22.40
47      78614   1260    0.01603 0.98397 77989   1708685 21.74
48      77354   1313    0.01697 0.98303 76701   1630697 21.08
49      76041   1354    0.01780 0.98220 75376   1553995 20.44
50      74687   1591    0.02130 0.97870 73900   1478620 19.80
51      73096   1568    0.02146 0.97854 72312   1404719 19.22
52      71528   1585    0.02216 0.97784 70737   1332407 18.63
53      69943   1609    0.02300 0.97700 69144   1261670 18.04
54      68334   1718    0.02514 0.97486 67481   1192526 17.45
55      66616   1741    0.02613 0.97387 65747   1125046 16.89
56      64875   1748    0.02694 0.97306 64008   1059299 16.33
57      63127   1918    0.03038 0.96962 62167   995290  15.77
58      61209   1714    0.02800 0.97200 60358   933124  15.24
59      59495   2063    0.03468 0.96532 58475   872766  14.67
60      57432   1978    0.03445 0.96555 56441   814291  14.18
61      55454   2007    0.03619 0.96381 54453   757851  13.67
62      53447   2029    0.03797 0.96203 52424   703398  13.16
63      51418   1814    0.03528 0.96472 50522   650974  12.66
64      49604   2302    0.04642 0.95358 48464   600451  12.10
65      47302   2084    0.04406 0.95594 46255   551987  11.67
66      45218   2172    0.04802 0.95198 44140   505732  11.18
67      43046   2283    0.05304 0.94696 41903   461592  10.72
68      40763   2140    0.05250 0.94750 39691   419689  10.30
69      38623   2241    0.05803 0.94197 37507   379998  9.84
70      36382   2257    0.06204 0.93796 35257   342490  9.41
71      34125   2331    0.06832 0.93168 32955   307233  9.00
72      31794   2149    0.06761 0.93239 30714   274278  8.63
73      29645   2209    0.07452 0.92548 28544   243564  8.22
74      27436   2242    0.08171 0.91829 26312   215019  7.84
75      25194   2134    0.08469 0.91531 24121   188707  7.49
76      23060   2102    0.09114 0.90886 22007   164586  7.14
77      20958   2097    0.10005 0.89995 19907   142579  6.80
78      18861   2040    0.10814 0.89186 17832   122672  6.50
79      16821   1870    0.11118 0.88882 15873   104840  6.23
80      14951   1719    0.11497 0.88503 14080   88968   5.95
81      13232   1602    0.12109 0.87891 12424   74887   5.66
82      11630   1541    0.13252 0.86748 10847   62464   5.37
83      10089   1303    0.12912 0.87088 9428    51617   5.12
84      8786    1304    0.14839 0.85161 8129    42189   4.80
85      7482    1178    0.15743 0.84257 6882    34060   4.55
86      6304    1046    0.16593 0.83407 5772    27178   4.31
87      5258    955     0.18161 0.81839 4771    21406   4.07
88      4303    808     0.18770 0.81230 3889    16636   3.87
89      3495    711     0.20355 0.79645 3129    12747   3.65
90      2784    559     0.20084 0.79916 2494    9618    3.45
91      2225    458     0.20601 0.79399 1989    7124    3.20
92      1767    391     0.22141 0.77859 1567    5135    2.91
93      1376    346     0.25140 0.74860 1200    3568    2.59
94      1030    308     0.29905 0.70095 871     2368    2.30
95      722     214     0.29687 0.70313 611     1498    2.07
96      508     207     0.40808 0.59192 401     887     1.75
97      301     125     0.41657 0.58343 233     486     1.62
98      176     81      0.45990 0.54010 132     253     1.44
99      95      40      0.42040 0.57960 72      121     1.28
100     55      9       0.17044 0.82956 49      49      0.89
