# # Таблица построена модулем rtss.rosbris1959.ExportMortalityTables по данным в РосБРИС для РСФСР 1992
# Возраст в годах, Числа доживающих до возраста х лет, Числа умирающих при переходе от возраста x к возрасту х+1 лет, Вероятность умереть в течение предстоящего года жизни, Вероятность дожить до возраста х+1 лет, Числа живущих в возрасте х лет, Числа прожитых человеколет, Средняя продолжительность предстоящей жизни
# x, lx, dx, qx, px, Lx, Tx, ex

0       100000  1395    0.01395 0.98605 99303   7378802 73.79
1       98605   113     0.00115 0.99885 98549   7279499 73.82
2       98492   69      0.00070 0.99930 98458   7180951 72.91
3       98423   49      0.00050 0.99950 98399   7082493 71.96
4       98374   50      0.00051 0.99949 98349   6984095 71.00
5       98324   43      0.00043 0.99957 98302   6885746 70.03
6       98281   36      0.00036 0.99964 98263   6787444 69.06
7       98245   37      0.00037 0.99963 98226   6689181 68.09
8       98208   32      0.00033 0.99967 98192   6590955 67.11
9       98176   27      0.00028 0.99972 98162   6492763 66.13
10      98149   29      0.00029 0.99971 98135   6394601 65.15
11      98120   28      0.00029 0.99971 98106   6296466 64.17
12      98092   25      0.00026 0.99974 98080   6198360 63.19
13      98067   31      0.00032 0.99968 98052   6100281 62.21
14      98036   41      0.00041 0.99959 98016   6002228 61.22
15      97995   50      0.00051 0.99949 97971   5904212 60.25
16      97945   58      0.00059 0.99941 97917   5806241 59.28
17      97887   69      0.00071 0.99929 97853   5708325 58.32
18      97818   72      0.00073 0.99927 97782   5610472 57.36
19      97746   68      0.00070 0.99930 97712   5512690 56.40
20      97678   72      0.00074 0.99926 97642   5414978 55.44
21      97606   71      0.00073 0.99927 97571   5317336 54.48
22      97535   82      0.00084 0.99916 97494   5219765 53.52
23      97453   79      0.00081 0.99919 97413   5122270 52.56
24      97374   78      0.00081 0.99919 97335   5024857 51.60
25      97296   84      0.00086 0.99914 97254   4927522 50.64
26      97212   89      0.00092 0.99908 97168   4830267 49.69
27      97123   85      0.00088 0.99912 97081   4733100 48.73
28      97038   92      0.00095 0.99905 96992   4636019 47.78
29      96946   95      0.00098 0.99902 96899   4539027 46.82
30      96851   102     0.00105 0.99895 96801   4442128 45.87
31      96749   111     0.00115 0.99885 96694   4345327 44.91
32      96638   114     0.00118 0.99882 96582   4248633 43.96
33      96524   127     0.00131 0.99869 96461   4152051 43.02
34      96397   127     0.00132 0.99868 96334   4055590 42.07
35      96270   143     0.00148 0.99852 96200   3959256 41.13
36      96127   159     0.00165 0.99835 96049   3863056 40.19
37      95968   174     0.00181 0.99819 95882   3767008 39.25
38      95794   182     0.00190 0.99810 95704   3671126 38.32
39      95612   195     0.00204 0.99796 95516   3575422 37.40
40      95417   222     0.00233 0.99767 95308   3479906 36.47
41      95195   234     0.00245 0.99755 95079   3384598 35.55
42      94961   256     0.00270 0.99730 94836   3289519 34.64
43      94705   300     0.00317 0.99683 94556   3194683 33.73
44      94405   278     0.00294 0.99706 94269   3100127 32.84
45      94127   370     0.00393 0.99607 93944   3005858 31.93
46      93757   337     0.00359 0.99641 93590   2911913 31.06
47      93420   395     0.00423 0.99577 93226   2818324 30.17
48      93025   432     0.00465 0.99535 92809   2725097 29.29
49      92593   390     0.00421 0.99579 92401   2632289 28.43
50      92203   510     0.00553 0.99447 91951   2539887 27.55
51      91693   464     0.00507 0.99493 91462   2447936 26.70
52      91229   526     0.00576 0.99424 90971   2356475 25.83
53      90703   577     0.00636 0.99364 90417   2265504 24.98
54      90126   591     0.00655 0.99345 89835   2175087 24.13
55      89535   677     0.00756 0.99244 89202   2085252 23.29
56      88858   722     0.00812 0.99188 88503   1996050 22.46
57      88136   824     0.00935 0.99065 87729   1907547 21.64
58      87312   833     0.00954 0.99046 86899   1819818 20.84
59      86479   917     0.01061 0.98939 86028   1732919 20.04
60      85562   1020    0.01192 0.98808 85059   1646891 19.25
61      84542   1079    0.01276 0.98724 84009   1561832 18.47
62      83463   1170    0.01402 0.98598 82886   1477823 17.71
63      82293   1280    0.01556 0.98444 81662   1394937 16.95
64      81013   1396    0.01723 0.98277 80324   1313274 16.21
65      79617   1490    0.01872 0.98128 78881   1232951 15.49
66      78127   1613    0.02065 0.97935 77330   1154070 14.77
67      76514   1727    0.02257 0.97743 75665   1076739 14.07
68      74787   1966    0.02629 0.97371 73817   1001074 13.39
69      72821   2046    0.02810 0.97190 71808   927257  12.73
70      70775   2204    0.03115 0.96885 69686   855449  12.09
71      68571   2355    0.03434 0.96566 67405   785763  11.46
72      66216   2476    0.03739 0.96261 64997   718358  10.85
73      63740   2811    0.04410 0.95590 62347   653361  10.25
74      60929   2784    0.04570 0.95430 59537   591014  9.70
75      58145   2807    0.04828 0.95172 56757   531477  9.14
76      55338   3144    0.05681 0.94319 53786   474721  8.58
77      52194   3293    0.06309 0.93691 50560   420934  8.06
78      48901   3437    0.07028 0.92972 47189   370375  7.57
79      45464   3446    0.07581 0.92419 43747   323186  7.11
80      42018   3588    0.08539 0.91461 40232   279438  6.65
81      38430   3636    0.09461 0.90539 36614   239206  6.22
82      34794   3641    0.10464 0.89536 32969   202592  5.82
83      31153   3529    0.11329 0.88671 29383   169623  5.44
84      27624   3500    0.12669 0.87331 25869   140241  5.08
85      24124   3406    0.14120 0.85880 22403   114372  4.74
86      20718   3057    0.14757 0.85243 19167   91969   4.44
87      17661   2858    0.16181 0.83819 16216   72803   4.12
88      14803   2664    0.17996 0.82004 13447   56587   3.82
89      12139   2289    0.18854 0.81146 10971   43140   3.55
90      9850    2091    0.21227 0.78773 8783    32169   3.27
91      7759    1783    0.22977 0.77023 6849    23386   3.01
92      5976    1654    0.27673 0.72327 5122    16536   2.77
93      4322    1141    0.26389 0.73611 3722    11414   2.64
94      3181    946     0.29748 0.70252 2691    7692    2.42
95      2235    731     0.32729 0.67271 1851    5001    2.24
96      1504    495     0.32906 0.67094 1241    3150    2.09
97      1009    369     0.36531 0.63469 813     1909    1.89
98      640     222     0.34645 0.65355 519     1096    1.71
99      418     139     0.33368 0.66632 343     576     1.38
100     279     84      0.30085 0.69915 234     234     0.84
