# age, male, female, both genders

Всего                           45,208,278      54,769,417      99,977,695
0                               1,072,342       1,024,956       2,097,298
1                               1,010,179       966,489         1,976,668
2                               1,006,365       967,550         1,973,915
3                               1,037,422       995,155         2,032,577
4                               1,060,638       1,019,905       2,080,543
0–4                             5,186,946       4,974,055       10,161,001
5                               977,804         941,712         1,919,516
6                               1,004,865       965,511         1,970,376
7                               965,421         935,174         1,900,595
8                               954,202         925,544         1,879,746
9                               946,205         917,993         1,864,198
5–9                             4,848,497       4,685,934       9,534,431
10                              889,998         862,116         1,752,114
11                              830,434         812,294         1,642,728
12                              844,289         823,772         1,668,061
13                              538,779         526,810         1,065,589
14                              437,364         435,506         872,870
10–14                           3,540,864       3,460,498       7,001,362
15                              376,819         385,838         762,657
16                              528,766         540,171         1,068,937
17                              888,578         908,785         1,797,363
18                              1,042,174       1,074,304       2,116,478
19                              1,141,696       1,169,585       2,311,281
15–19                           3,978,033       4,078,683       8,056,716
20                              1,230,240       1,343,488       2,573,728
21                              1,218,683       1,303,019       2,521,702
22                              1,062,968       1,158,147       2,221,115
23                              967,640         977,250         1,944,890
24                              815,416         815,004         1,630,420
20–24                           5,294,947       5,596,908       10,891,855
25                              783,744         795,212         1,578,956
26                              907,199         936,458         1,843,657
27                              894,885         910,700         1,805,585
28                              1,099,192       1,129,772       2,228,964
29                              1,008,921       1,038,774       2,047,695
25–29                           4,693,941       4,810,916       9,504,857
30                              1,202,838       1,294,875       2,497,713
31                              1,024,255       1,043,730       2,067,985
32                              1,012,522       1,183,452       2,195,974
33                              785,389         1,040,669       1,826,058
34                              676,601         1,004,947       1,681,548
30–34                           4,701,605       5,567,673       10,269,278
35                              597,237         958,015         1,555,252
36                              489,326         804,198         1,293,524
37                              426,498         658,836         1,085,334
38                              453,518         693,204         1,146,722
39                              385,791         572,636         958,427
35–39                           2,352,370       3,686,889       6,039,259
40                              504,719         764,367         1,269,086
41                              333,293         471,356         804,649
42                              394,951         592,913         987,864
43                              446,926         660,370         1,107,296
44                              539,466         805,633         1,345,099
40–44                           2,219,355       3,294,639       5,513,994
45                              544,201         789,222         1,333,423
46                              541,869         810,526         1,352,395
47                              473,571         675,391         1,148,962
48                              533,066         804,834         1,337,900
49                              425,642         622,911         1,048,553
45–49                           2,518,349       3,702,884       6,221,233
50                              461,996         720,929         1,182,925
51                              402,356         593,383         995,739
52                              416,140         627,528         1,043,668
53                              365,870         572,460         938,330
54                              357,400         576,401         933,801
50–54                           2,003,762       3,090,701       5,094,463
55                              336,427         592,515         928,942
56                              295,620         535,862         831,482
57                              217,801         420,793         638,594
58                              289,453         612,060         901,513
59                              219,657         375,695         595,352
55–59                           1,358,958       2,536,925       3,895,883
60                              237,548         475,641         713,189
61                              185,681         331,686         517,367
62                              205,614         380,990         586,604
63                              192,867         358,686         551,553
64                              173,628         324,264         497,892
60–64                           995,338         1,871,267       2,866,605
65                              175,224         336,065         511,289
66                              145,838         278,103         423,941
67                              127,642         249,516         377,158
68                              131,781         271,486         403,267
69                              93,764          197,238         291,002
65–69                           674,249         1,332,408       2,006,657
70                              133,502         321,420         454,922
71                              85,968          175,671         261,639
72                              90,759          204,306         295,065
73                              78,493          182,663         261,156
74                              69,654          160,641         230,295
70–74                           458,376         1,044,701       1,503,077
75                              68,225          168,999         237,224
76                              53,600          131,827         185,427
77                              39,657          99,423          139,080
78                              45,182          115,675         160,857
79                              28,531          69,821          98,352
75–79                           235,195         585,745         820,940
80                              31,548          99,090          130,638
81                              19,692          49,349          69,041
82                              18,759          53,615          72,374
83                              15,224          46,038          61,262
84                              12,424          37,067          49,491
80–84                           97,647          285,159         382,806
85                              11,961          37,575          49,536
86                              8,821           27,318          36,139
87                              5,685           19,611          25,296
88                              6,425           21,134          27,559
89                              3,137           10,216          13,353
85–89                           36,029          115,854         151,883
90                              3,801           14,603          18,404
91                              1,433           5,172           6,605
92                              1,315           4,912           6,227
93                              1,088           4,089           5,177
94                              883             3,375           4,258
90–94                           8,520           32,151          40,671
95                              860             3,372           4,232
96                              714             2,523           3,237
97                              443             1,809           2,252
98                              519             2,059           2,578
99                              202             703             905
95–99                           2,738           10,466          13,204
100+                            910             3,513           4,423
возраст не указан               1,649           1,448           3,097

