# Таблица построена по данным АДХ-РСФСР модулем rtss.data.mortality.synthetic.MortalityTableADH
# Возраст в годах, Числа доживающих до возраста х лет, Числа умирающих при переходе от возраста x к возрасту х+1 лет, Вероятность умереть в течение предстоящего года жизни, Вероятность дожить до возраста х+1 лет, Числа живущих в возрасте х лет, Числа прожитых человеколет, Средняя продолжительность предстоящей жизни
# x, lx, dx, qx, px, Lx, Tx, ex

0       100000  21560   0.21560 0.78440 89220   3581082 35.81
1       78440   8759    0.11167 0.88833 74061   3491862 44.52
2       69681   4361    0.06258 0.93742 67501   3417801 49.05
3       65320   2537    0.03885 0.96115 64052   3350301 51.29
4       62783   1664    0.02650 0.97350 61951   3286249 52.34
5       61119   1182    0.01934 0.98066 60495   3224298 52.75
6       59937   869     0.01450 0.98550 59480   3163804 52.79
7       59068   647     0.01096 0.98904 58729   3104323 52.56
8       58421   486     0.00831 0.99169 58166   3045595 52.13
9       57935   370     0.00638 0.99362 57742   2987428 51.57
10      57565   290     0.00503 0.99497 57415   2929687 50.89
11      57275   240     0.00418 0.99582 57152   2872272 50.15
12      57035   212     0.00371 0.99629 56927   2815120 49.36
13      56823   200     0.00352 0.99648 56723   2758193 48.54
14      56623   201     0.00356 0.99644 56523   2701470 47.71
15      56422   213     0.00378 0.99622 56317   2644947 46.88
16      56209   234     0.00416 0.99584 56094   2588630 46.05
17      55975   259     0.00464 0.99536 55848   2532536 45.24
18      55716   289     0.00518 0.99482 55574   2476689 44.45
19      55427   318     0.00575 0.99425 55270   2421115 43.68
20      55109   347     0.00629 0.99371 54938   2365844 42.93
21      54762   372     0.00680 0.99320 54578   2310907 42.20
22      54390   395     0.00726 0.99274 54194   2256329 41.48
23      53995   413     0.00765 0.99235 53790   2202134 40.78
24      53582   428     0.00800 0.99200 53369   2148344 40.09
25      53154   442     0.00831 0.99169 52934   2094975 39.41
26      52712   455     0.00862 0.99138 52486   2042041 38.74
27      52257   469     0.00897 0.99103 52024   1989555 38.07
28      51788   484     0.00935 0.99065 51547   1937532 37.41
29      51304   500     0.00975 0.99025 51055   1885985 36.76
30      50804   516     0.01016 0.98984 50547   1834929 36.12
31      50288   528     0.01049 0.98951 50025   1784382 35.48
32      49760   534     0.01072 0.98928 49493   1734357 34.85
33      49226   533     0.01082 0.98918 48959   1684864 34.23
34      48693   526     0.01081 0.98919 48429   1635905 33.60
35      48167   516     0.01072 0.98928 47908   1587476 32.96
36      47651   506     0.01063 0.98937 47397   1539567 32.31
37      47145   499     0.01058 0.98942 46895   1492170 31.65
38      46646   494     0.01059 0.98941 46399   1445275 30.98
39      46152   491     0.01065 0.98935 45906   1398876 30.31
40      45661   490     0.01073 0.98927 45416   1352970 29.63
41      45171   487     0.01078 0.98922 44927   1307554 28.95
42      44684   481     0.01076 0.98924 44443   1262627 28.26
43      44203   472     0.01068 0.98932 43966   1218184 27.56
44      43731   462     0.01056 0.98944 43499   1174218 26.85
45      43269   453     0.01046 0.98954 43042   1130719 26.13
46      42816   448     0.01045 0.98955 42592   1087677 25.40
47      42368   449     0.01059 0.98941 42144   1045085 24.67
48      41919   458     0.01092 0.98908 41691   1002941 23.93
49      41461   474     0.01143 0.98857 41226   961250  23.18
50      40987   497     0.01212 0.98788 40741   920025  22.45
51      40490   524     0.01294 0.98706 40230   879284  21.72
52      39966   553     0.01384 0.98616 39692   839054  20.99
53      39413   583     0.01480 0.98520 39124   799362  20.28
54      38830   613     0.01580 0.98420 38526   760238  19.58
55      38217   644     0.01685 0.98315 37898   721712  18.88
56      37573   676     0.01800 0.98200 37238   683814  18.20
57      36897   712     0.01931 0.98069 36544   646576  17.52
58      36185   753     0.02081 0.97919 35812   610032  16.86
59      35432   798     0.02253 0.97747 35037   574220  16.21
60      34634   848     0.02448 0.97552 34214   539183  15.57
61      33786   900     0.02663 0.97337 33340   504969  14.95
62      32886   952     0.02895 0.97105 32414   471628  14.34
63      31934   1003    0.03141 0.96859 31437   439214  13.75
64      30931   1053    0.03403 0.96597 30409   407777  13.18
65      29878   1101    0.03684 0.96316 29331   377369  12.63
66      28777   1148    0.03990 0.96010 28207   348037  12.09
67      27629   1197    0.04331 0.95669 27035   319830  11.58
68      26432   1245    0.04711 0.95289 25814   292796  11.08
69      25187   1293    0.05134 0.94866 24544   266982  10.60
70      23894   1338    0.05600 0.94400 23228   242438  10.15
71      22556   1375    0.06097 0.93903 21871   219209  9.72
72      21181   1402    0.06618 0.93382 20482   197338  9.32
73      19779   1414    0.07150 0.92850 19072   176857  8.94
74      18365   1411    0.07685 0.92315 17659   157784  8.59
75      16954   1393    0.08215 0.91785 16255   140126  8.27
76      15561   1360    0.08737 0.91263 14878   123870  7.96
77      14201   1314    0.09251 0.90749 13540   108993  7.67
78      12887   1257    0.09753 0.90247 12253   95453   7.41
79      11630   1191    0.10244 0.89756 11029   83200   7.15
80      10439   1120    0.10724 0.89276 9873    72171   6.91
81      9319    1043    0.11195 0.88805 8791    62298   6.69
82      8276    965     0.11657 0.88343 7787    53507   6.47
83      7311    886     0.12112 0.87888 6861    45720   6.25
84      6425    807     0.12561 0.87439 6015    38858   6.05
85      5618    731     0.13005 0.86995 5246    32843   5.85
86      4887    657     0.13446 0.86554 4553    27597   5.65
87      4230    587     0.13883 0.86117 3931    23045   5.45
88      3643    522     0.14317 0.85683 3377    19114   5.25
89      3121    460     0.14750 0.85250 2886    15737   5.04
90      2661    404     0.15183 0.84817 2455    12851   4.83
91      2257    352     0.15618 0.84382 2077    10397   4.61
92      1905    306     0.16054 0.83946 1748    8320    4.37
93      1599    264     0.16495 0.83505 1464    6571    4.11
94      1335    226     0.16940 0.83060 1219    5108    3.83
95      1109    193     0.17392 0.82608 1010    3889    3.51
96      916     164     0.17851 0.82149 832     2879    3.14
97      752     138     0.18319 0.81681 681     2047    2.72
98      614     115     0.18797 0.81203 555     1366    2.22
99      499     96      0.19285 0.80715 450     811     1.63
100     403     80      0.19785 0.80215 362     362     0.90
