# age, both genders, male, female

# Таблица построена дезагрегацией данных АДХ при помощи модуля rtss.data.population.synthetic.PopulationADH

0    5,485,127       2,816,262       2,668,865      
1    5,044,484       2,578,810       2,465,674      
2    4,568,610       2,322,745       2,245,865      
3    4,091,326       2,065,935       2,025,391      
4    3,646,455       1,826,249       1,820,206      
5    3,267,819       1,621,557       1,646,262      
6    2,989,240       1,469,728       1,519,512      
7    2,844,564       1,388,631       1,455,933      
8    2,873,148       1,397,467       1,475,681      
9    3,071,228       1,493,616       1,577,612      
10   3,349,399       1,632,318       1,717,081      
11   3,607,937       1,763,222       1,844,715      
12   3,747,766       1,836,219       1,911,547      
13   3,739,403       1,836,374       1,903,029      
14   3,668,495       1,809,868       1,858,627      
15   3,567,199       1,770,870       1,796,329      
16   3,458,323       1,727,657       1,730,666      
17   3,363,483       1,687,902       1,675,581      
18   3,270,247       1,642,654       1,627,593      
19   3,155,748       1,580,917       1,574,831      
20   3,029,860       1,509,859       1,520,001      
21   2,904,351       1,437,652       1,466,699      
22   2,790,777       1,372,218       1,418,559      
23   2,692,770       1,313,683       1,379,087      
24   2,603,240       1,256,587       1,346,653      
25   2,516,774       1,200,673       1,316,101      
26   2,428,199       1,146,043       1,282,156      
27   2,331,960       1,092,674       1,239,286      
28   2,215,358       1,037,803       1,177,555      
29   2,078,709       980,807         1,097,902      
30   1,940,110       925,838         1,014,272      
31   1,818,435       877,276         941,159        
32   1,732,023       839,407         892,616        
33   1,680,977       812,927         868,050        
34   1,647,456       793,552         853,904        
35   1,622,290       777,669         844,621        
36   1,597,013       761,767         835,246        
37   1,563,342       742,399         820,943        
38   1,519,569       718,553         801,016        
39   1,471,786       692,612         779,174        
40   1,423,919       666,527         757,392        
41   1,379,673       642,176         737,497        
42   1,342,686       621,382         721,304        
43   1,314,030       604,131         709,899        
44   1,290,692       588,784         701,908        
45   1,269,762       574,700         695,062        
46   1,248,392       561,317         687,075        
47   1,223,812       548,131         675,681        
48   1,195,655       536,104         659,551        
49   1,165,380       525,748         639,632        
50   1,132,908       515,516         617,392        
51   1,098,054       503,757         594,297        
52   1,060,517       488,754         571,763        
53   1,017,289       467,627         549,662        
54   967,231         440,345         526,886        
55   913,725         410,285         503,440        
56   860,372         380,968         479,404        
57   810,612         355,817         454,795        
58   763,168         334,990         428,178        
59   715,123         315,940         399,183        
60   667,953         298,042         369,911        
61   623,388         280,805         342,583        
62   583,132         263,756         319,376        
63   547,722         246,877         300,845        
64   515,805         230,520         285,285        
65   486,043         214,755         271,288        
66   457,125         199,636         257,489        
67   427,738         185,198         242,540        
68   396,871         171,129         225,742        
69   365,223         157,282         207,941        
70   334,369         144,052         190,317        
71   305,901         131,855         174,046        
72   281,397         121,107         160,290        
73   261,480         111,959         149,521        
74   244,854         104,027         140,827        
75   229,963         96,848          133,115        
76   215,267         89,962          125,305        
77   199,207         82,904          116,303        
78   180,273         75,200          105,073        
79   159,291         67,086          92,205         
80   138,705         59,315          79,390         
81   121,016         52,659          68,357         
82   108,595         47,846          60,749         
83   99,960          44,307          55,653         
84   91,722          40,872          50,850         
85   82,152          36,775          45,377         
86   71,454          32,096          39,358         
87   61,659          27,769          33,890         
88   52,717          23,782          28,935         
89   44,584          20,127          24,457         
90   37,218          16,795          20,423         
91   30,585          13,779          16,806         
92   24,652          11,072          13,580         
93   19,393          8,669           10,724         
94   14,783          6,564           8,219          
95   10,807          4,754           6,053          
96   7,450           3,236           4,214          
97   4,706           2,009           2,697          
98   2,573           1,071           1,502          
99   1,064           426             638            
100  205             76              129            
