# age, both genders, male, female

# Таблица построена дезагрегацией данных АДХ при помощи модуля rtss.data.population.synthetic.PopulationADH

0    1,653,254       868,729         784,525        
1    2,132,408       1,100,004       1,032,404      
2    2,648,714       1,349,472       1,299,242      
3    3,166,506       1,599,668       1,566,837      
4    3,650,118       1,833,127       1,816,991      
5    4,063,887       2,032,383       2,031,504      
6    4,372,146       2,179,971       2,192,175      
7    4,539,227       2,258,423       2,280,805      
8    4,509,603       2,239,936       2,269,667      
9    4,241,137       2,106,287       2,134,850      
10   3,853,586       1,915,986       1,937,600      
11   3,496,872       1,740,212       1,756,660      
12   3,319,781       1,649,840       1,669,941      
13   3,396,135       1,685,097       1,711,039      
14   3,635,627       1,803,866       1,831,762      
15   3,930,777       1,948,217       1,982,560      
16   4,176,244       2,061,028       2,115,216      
17   4,270,825       2,088,699       2,182,126      
18   4,199,626       2,023,144       2,176,482      
19   4,036,528       1,894,912       2,141,615      
20   3,822,032       1,733,652       2,088,379      
21   3,592,653       1,568,960       2,023,693      
22   3,382,006       1,428,969       1,953,037      
23   3,146,860       1,300,370       1,846,490      
24   2,847,450       1,159,049       1,688,401      
25   2,537,229       1,022,088       1,515,141      
26   2,274,592       908,919         1,365,673      
27   2,117,932       838,976         1,278,956      
28   2,107,668       827,349         1,280,319      
29   2,198,578       857,668         1,340,911      
30   2,332,835       906,772         1,426,064      
31   2,460,547       956,174         1,504,373      
32   2,533,576       988,004         1,545,571      
33   2,558,034       1,003,348       1,554,686      
34   2,575,008       1,015,702       1,559,306      
35   2,586,579       1,025,069       1,561,509      
36   2,592,270       1,030,567       1,561,703      
37   2,588,505       1,030,166       1,558,339      
38   2,545,414       1,012,521       1,532,893      
39   2,459,232       976,677         1,482,555      
40   2,350,279       930,642         1,419,637      
41   2,239,188       882,536         1,356,652      
42   2,146,018       840,130         1,305,888      
43   2,072,094       801,136         1,270,958      
44   2,003,421       759,556         1,243,865      
45   1,937,150       718,624         1,218,526      
46   1,871,235       682,119         1,189,116      
47   1,803,365       653,758         1,149,607      
48   1,725,506       634,733         1,090,774      
49   1,635,744       621,766         1,013,977      
50   1,543,303       611,366         931,937        
51   1,457,927       600,089         857,837        
52   1,389,047       584,558         804,490        
53   1,336,026       563,851         772,175        
54   1,289,697       540,135         749,561        
55   1,246,679       514,888         731,790        
56   1,204,015       489,509         714,506        
57   1,158,840       465,347         693,494        
58   1,111,163       442,216         668,947        
59   1,063,302       419,040         644,263        
60   1,015,829       395,907         619,922        
61   969,189         372,984         596,205        
62   923,835         350,415         573,420        
63   880,186         327,787         552,399        
64   837,961         304,907         533,054        
65   796,421         282,393         514,028        
66   754,809         260,903         493,905        
67   712,363         241,093         471,270        
68   668,379         223,356         445,024        
69   623,028         207,255         415,773        
70   577,031         192,066         384,965        
71   531,133         177,061         354,072        
72   485,997         161,500         324,497        
73   440,352         144,608         295,744        
74   393,487         126,765         266,722        
75   347,386         109,224         238,162        
76   304,166         93,267          210,899        
77   265,772         80,106          185,666        
78   229,550         68,951          160,598        
79   193,127         58,452          134,676        
80   159,769         49,222          110,547        
81   133,037         41,992          91,045         
82   116,267         37,432          78,835         
83   106,200         34,564          71,637         
84   96,726          31,790          64,935         
85   84,661          28,076          56,585         
86   70,544          23,566          46,979         
87   58,183          19,541          38,643         
88   47,418          15,977          31,441         
89   38,105          12,851          25,254         
90   30,111          10,139          19,972         
91   23,316          7,816           15,500         
92   17,609          5,858           11,751         
93   12,888          4,238           8,650          
94   9,058           2,930           6,128          
95   6,032           1,909           4,124          
96   3,726           1,144           2,582          
97   2,057           606             1,451          
98   945             263             683            
99   306             77              228            
100  40              8               31             
