# Таблица построена по данным АДХ-РСФСР модулем rtss.data.mortality.synthetic.MortalityTableADH
# Возраст в годах, Числа доживающих до возраста х лет, Числа умирающих при переходе от возраста x к возрасту х+1 лет, Вероятность умереть в течение предстоящего года жизни, Вероятность дожить до возраста х+1 лет, Числа живущих в возрасте х лет, Числа прожитых человеколет, Средняя продолжительность предстоящей жизни
# x, lx, dx, qx, px, Lx, Tx, ex

0       100000  6890    0.06890 0.93110 96555   5987626 59.88
1       93110   1483    0.01593 0.98407 92369   5891071 63.27
2       91627   480     0.00524 0.99476 91387   5798703 63.29
3       91147   234     0.00257 0.99743 91030   5707316 62.62
4       90913   163     0.00179 0.99821 90832   5616286 61.78
5       90750   145     0.00160 0.99840 90677   5525454 60.89
6       90605   146     0.00161 0.99839 90532   5434778 59.98
7       90459   149     0.00165 0.99835 90385   5344245 59.08
8       90310   147     0.00163 0.99837 90236   5253861 58.18
9       90163   136     0.00151 0.99849 90094   5163625 57.27
10      90027   121     0.00134 0.99866 89965   5073531 56.36
11      89906   108     0.00120 0.99880 89851   4983566 55.43
12      89798   101     0.00113 0.99887 89747   4893715 54.50
13      89697   101     0.00112 0.99888 89647   4803967 53.56
14      89596   107     0.00120 0.99880 89543   4714321 52.62
15      89489   120     0.00134 0.99866 89430   4624777 51.68
16      89369   138     0.00154 0.99846 89302   4535347 50.75
17      89231   159     0.00179 0.99821 89153   4446045 49.83
18      89072   182     0.00204 0.99796 88983   4356892 48.91
19      88890   203     0.00228 0.99772 88790   4267909 48.01
20      88687   220     0.00248 0.99752 88578   4179119 47.12
21      88467   235     0.00266 0.99734 88351   4090541 46.24
22      88232   248     0.00281 0.99719 88109   4002190 45.36
23      87984   259     0.00295 0.99705 87855   3914081 44.49
24      87725   270     0.00308 0.99692 87591   3826226 43.62
25      87455   280     0.00321 0.99679 87316   3738635 42.75
26      87175   291     0.00334 0.99666 87030   3651319 41.88
27      86884   303     0.00348 0.99652 86734   3564288 41.02
28      86581   315     0.00364 0.99636 86425   3477555 40.17
29      86266   328     0.00380 0.99620 86103   3391130 39.31
30      85938   341     0.00397 0.99603 85769   3305027 38.46
31      85597   354     0.00414 0.99586 85421   3219259 37.61
32      85243   366     0.00430 0.99570 85061   3133838 36.76
33      84877   378     0.00445 0.99555 84689   3048777 35.92
34      84499   389     0.00460 0.99540 84305   2964088 35.08
35      84110   400     0.00476 0.99524 83911   2879782 34.24
36      83710   413     0.00493 0.99507 83505   2795871 33.40
37      83297   429     0.00515 0.99485 83084   2712367 32.56
38      82868   447     0.00540 0.99460 82646   2629283 31.73
39      82421   470     0.00570 0.99430 82188   2546636 30.90
40      81951   495     0.00604 0.99396 81706   2464448 30.07
41      81456   521     0.00640 0.99360 81198   2382743 29.25
42      80935   548     0.00677 0.99323 80663   2301545 28.44
43      80387   574     0.00714 0.99286 80102   2220882 27.63
44      79813   602     0.00754 0.99246 79514   2140780 26.82
45      79211   632     0.00798 0.99202 78898   2061265 26.02
46      78579   669     0.00852 0.99148 78248   1982368 25.23
47      77910   716     0.00919 0.99081 77556   1904120 24.44
48      77194   774     0.01003 0.98997 76812   1826563 23.66
49      76420   845     0.01106 0.98894 76004   1749751 22.90
50      75575   927     0.01227 0.98773 75119   1673747 22.15
51      74648   1014    0.01358 0.98642 74148   1598628 21.42
52      73634   1098    0.01492 0.98508 73092   1524480 20.70
53      72536   1177    0.01622 0.98378 71954   1451388 20.01
54      71359   1246    0.01745 0.98255 70741   1379435 19.33
55      70113   1306    0.01863 0.98137 69465   1308693 18.67
56      68807   1366    0.01985 0.98015 68129   1239228 18.01
57      67441   1429    0.02119 0.97881 66732   1171099 17.36
58      66012   1499    0.02271 0.97729 65269   1104367 16.73
59      64513   1578    0.02446 0.97554 63731   1039098 16.11
60      62935   1664    0.02644 0.97356 62110   975368  15.50
61      61271   1750    0.02856 0.97144 60403   913257  14.91
62      59521   1832    0.03078 0.96922 58611   852854  14.33
63      57689   1905    0.03302 0.96698 56742   794243  13.77
64      55784   1968    0.03528 0.96472 54805   737501  13.22
65      53816   2022    0.03758 0.96242 52809   682696  12.69
66      51794   2073    0.04001 0.95999 50762   629887  12.16
67      49721   2122    0.04267 0.95733 48664   579125  11.65
68      47599   2171    0.04562 0.95438 46518   530461  11.14
69      45428   2220    0.04887 0.95113 44322   483943  10.65
70      43208   2265    0.05241 0.94759 42079   439621  10.17
71      40943   2299    0.05614 0.94386 39796   397543  9.71
72      38644   2318    0.05999 0.94001 37486   357747  9.26
73      36326   2323    0.06394 0.93606 35164   320261  8.82
74      34003   2316    0.06810 0.93190 32844   285096  8.38
75      31687   2303    0.07267 0.92733 30535   252252  7.96
76      29384   2293    0.07803 0.92197 28237   221718  7.55
77      27091   2290    0.08452 0.91548 25946   193481  7.14
78      24801   2292    0.09241 0.90759 23655   167535  6.76
79      22509   2291    0.10180 0.89820 21363   143880  6.39
80      20218   2275    0.11252 0.88748 19078   122517  6.06
81      17943   2224    0.12396 0.87604 16825   103439  5.76
82      15719   2128    0.13539 0.86461 14645   86614   5.51
83      13591   1985    0.14608 0.85392 12585   71969   5.30
84      11606   1804    0.15542 0.84458 10688   59384   5.12
85      9802    1599    0.16309 0.83691 8985    48696   4.97
86      8203    1388    0.16915 0.83085 7492    39711   4.84
87      6815    1184    0.17377 0.82623 6207    32220   4.73
88      5631    998     0.17716 0.82284 5117    26013   4.62
89      4633    832     0.17956 0.82044 4204    20895   4.51
90      3801    689     0.18123 0.81877 3446    16691   4.39
91      3112    568     0.18241 0.81759 2819    13246   4.26
92      2544    466     0.18332 0.81668 2303    10427   4.10
93      2078    383     0.18419 0.81581 1880    8124    3.91
94      1695    314     0.18519 0.81481 1533    6244    3.68
95      1381    258     0.18648 0.81352 1248    4711    3.41
96      1123    211     0.18818 0.81182 1014    3463    3.08
97      912     174     0.19042 0.80958 822     2449    2.69
98      738     143     0.19328 0.80672 664     1627    2.20
99      595     117     0.19681 0.80319 535     963     1.62
100     478     96      0.20106 0.79894 428     428     0.90
