# # Таблица построена модулем rtss.rosbris1959.ExportMortalityTables по данным в РосБРИС для РСФСР 1976
# Возраст в годах, Числа доживающих до возраста х лет, Числа умирающих при переходе от возраста x к возрасту х+1 лет, Вероятность умереть в течение предстоящего года жизни, Вероятность дожить до возраста х+1 лет, Числа живущих в возрасте х лет, Числа прожитых человеколет, Средняя продолжительность предстоящей жизни
# x, lx, dx, qx, px, Lx, Tx, ex

0       100000  2798    0.02798 0.97203 98601   6202046 62.02
1       97202   418     0.00430 0.99570 96993   6103445 62.79
2       96784   112     0.00115 0.99885 96728   6006452 62.06
3       96672   55      0.00056 0.99944 96645   5909724 61.13
4       96617   44      0.00046 0.99954 96595   5813080 60.17
5       96573   51      0.00053 0.99947 96549   5716485 59.19
6       96522   68      0.00071 0.99929 96490   5619936 58.22
7       96454   88      0.00091 0.99909 96411   5523447 57.27
8       96366   98      0.00102 0.99898 96317   5427035 56.32
9       96268   92      0.00095 0.99905 96221   5330718 55.37
10      96176   76      0.00079 0.99921 96137   5234497 54.43
11      96100   62      0.00065 0.99935 96068   5138360 53.47
12      96038   55      0.00058 0.99942 96010   5042292 52.50
13      95983   56      0.00059 0.99941 95955   4946282 51.53
14      95927   65      0.00068 0.99932 95896   4850326 50.56
15      95862   85      0.00089 0.99911 95822   4754431 49.60
16      95777   116     0.00121 0.99879 95722   4658609 48.64
17      95661   158     0.00165 0.99835 95586   4562887 47.70
18      95503   205     0.00214 0.99786 95404   4467301 46.78
19      95298   247     0.00259 0.99741 95177   4371897 45.88
20      95051   276     0.00291 0.99709 94915   4276720 44.99
21      94775   294     0.00311 0.99689 94629   4181805 44.12
22      94481   305     0.00323 0.99677 94329   4087176 43.26
23      94176   312     0.00331 0.99669 94021   3992846 42.40
24      93864   318     0.00339 0.99661 93706   3898826 41.54
25      93546   327     0.00350 0.99650 93383   3805120 40.68
26      93219   339     0.00364 0.99636 93051   3711737 39.82
27      92880   355     0.00383 0.99617 92704   3618686 38.96
28      92525   375     0.00406 0.99594 92339   3525982 38.11
29      92150   400     0.00434 0.99566 91952   3433643 37.26
30      91750   427     0.00465 0.99535 91539   3341691 36.42
31      91323   455     0.00498 0.99502 91098   3250152 35.59
32      90868   482     0.00531 0.99469 90629   3159054 34.77
33      90386   508     0.00562 0.99438 90134   3068425 33.95
34      89878   531     0.00590 0.99410 89614   2978291 33.14
35      89347   552     0.00618 0.99382 89073   2888676 32.33
36      88795   575     0.00647 0.99353 88510   2799604 31.53
37      88220   600     0.00680 0.99320 87922   2711094 30.73
38      87620   629     0.00718 0.99282 87308   2623172 29.94
39      86991   662     0.00762 0.99238 86663   2535864 29.15
40      86329   700     0.00811 0.99189 85982   2449201 28.37
41      85629   741     0.00865 0.99135 85262   2363219 27.60
42      84888   782     0.00921 0.99079 84500   2277957 26.83
43      84106   823     0.00979 0.99021 83698   2193456 26.08
44      83283   864     0.01037 0.98963 82854   2109758 25.33
45      82419   903     0.01096 0.98904 81971   2026904 24.59
46      81516   943     0.01157 0.98843 81048   1944933 23.86
47      80573   984     0.01221 0.98779 80085   1863885 23.13
48      79589   1027    0.01291 0.98709 79079   1783801 22.41
49      78562   1073    0.01366 0.98634 78029   1704722 21.70
50      77489   1122    0.01448 0.98552 76932   1626692 20.99
51      76367   1172    0.01535 0.98465 75785   1549760 20.29
52      75195   1225    0.01630 0.98370 74587   1473975 19.60
53      73970   1281    0.01732 0.98268 73334   1399388 18.92
54      72689   1339    0.01842 0.98158 72025   1326053 18.24
55      71350   1402    0.01964 0.98036 70654   1254029 17.58
56      69948   1470    0.02101 0.97899 69219   1183374 16.92
57      68478   1545    0.02256 0.97744 67712   1114155 16.27
58      66933   1627    0.02430 0.97570 66127   1046443 15.63
59      65306   1715    0.02626 0.97374 64456   980317  15.01
60      63591   1806    0.02840 0.97160 62696   915861  14.40
61      61785   1896    0.03069 0.96931 60844   853165  13.81
62      59889   1981    0.03308 0.96692 58905   792321  13.23
63      57908   2058    0.03554 0.96446 56885   733416  12.67
64      55850   2127    0.03808 0.96192 54792   676531  12.11
65      53723   2189    0.04075 0.95925 52634   621739  11.57
66      51534   2250    0.04366 0.95634 50414   569105  11.04
67      49284   2312    0.04691 0.95309 48133   518691  10.52
68      46972   2376    0.05059 0.94941 45789   470558  10.02
69      44596   2443    0.05477 0.94523 43380   424768  9.52
70      42153   2507    0.05946 0.94054 40904   381388  9.05
71      39646   2561    0.06460 0.93540 38369   340484  8.59
72      37085   2601    0.07013 0.92987 35787   302114  8.15
73      34484   2621    0.07602 0.92398 33174   266327  7.72
74      31863   2622    0.08228 0.91772 30551   233153  7.32
75      29241   2603    0.08901 0.91099 27937   202602  6.93
76      26638   2568    0.09642 0.90358 25351   174665  6.56
77      24070   2519    0.10466 0.89534 22806   149314  6.20
78      21551   2454    0.11385 0.88615 20318   126508  5.87
79      19097   2368    0.12400 0.87600 17905   106191  5.56
80      16729   2257    0.13492 0.86508 15590   88286   5.28
81      14472   2115    0.14618 0.85382 13401   72696   5.02
82      12357   1944    0.15731 0.84269 11370   59294   4.80
83      10413   1748    0.16787 0.83213 9522    47925   4.60
84      8665    1538    0.17751 0.82249 7878    38403   4.43
85      7127    1326    0.18606 0.81394 6447    30524   4.28
86      5801    1123    0.19356 0.80644 5223    24078   4.15
87      4678    936     0.20010 0.79990 4195    18854   4.03
88      3742    770     0.20581 0.79419 3344    14659   3.92
89      2972    627     0.21083 0.78917 2647    11315   3.81
90      2345    505     0.21532 0.78468 2083    8667    3.70
91      1840    404     0.21943 0.78057 1630    6584    3.58
92      1436    321     0.22334 0.77666 1269    4954    3.45
93      1115    253     0.22718 0.77282 983     3685    3.30
94      862     199     0.23109 0.76891 758     2701    3.13
95      663     156     0.23521 0.76479 582     1943    2.93
96      507     122     0.23965 0.76035 443     1361    2.68
97      385     94      0.24450 0.75550 336     918     2.38
98      291     73      0.24985 0.75015 253     582     2.00
99      218     56      0.25576 0.74424 189     329     1.51
100     162     42      0.26227 0.73773 140     140     0.86
