# # Таблица построена модулем rtss.rosbris1959.ExportMortalityTables по данным в РосБРИС для РСФСР 1970
# Возраст в годах, Числа доживающих до возраста х лет, Числа умирающих при переходе от возраста x к возрасту х+1 лет, Вероятность умереть в течение предстоящего года жизни, Вероятность дожить до возраста х+1 лет, Числа живущих в возрасте х лет, Числа прожитых человеколет, Средняя продолжительность предстоящей жизни
# x, lx, dx, qx, px, Lx, Tx, ex

0       100000  2636    0.02636 0.97364 98682   6291939 62.92
1       97364   410     0.00421 0.99579 97159   6193257 63.61
2       96954   112     0.00116 0.99884 96898   6096098 62.88
3       96842   56      0.00058 0.99942 96814   5999200 61.95
4       96786   46      0.00048 0.99952 96763   5902386 60.98
5       96740   54      0.00056 0.99944 96714   5805623 60.01
6       96686   72      0.00074 0.99926 96652   5708909 59.05
7       96614   92      0.00096 0.99904 96569   5612257 58.09
8       96522   103     0.00107 0.99893 96471   5515688 57.14
9       96419   96      0.00100 0.99900 96370   5419217 56.20
10      96323   79      0.00082 0.99918 96282   5322847 55.26
11      96244   65      0.00068 0.99932 96211   5226565 54.31
12      96179   58      0.00061 0.99939 96150   5130355 53.34
13      96121   59      0.00062 0.99938 96092   5034205 52.37
14      96062   69      0.00072 0.99928 96029   4938113 51.41
15      95993   90      0.00094 0.99906 95950   4842084 50.44
16      95903   121     0.00126 0.99874 95845   4746134 49.49
17      95782   158     0.00165 0.99835 95706   4650289 48.55
18      95624   194     0.00203 0.99797 95530   4554583 47.63
19      95430   220     0.00231 0.99769 95322   4459053 46.73
20      95210   232     0.00244 0.99756 95095   4363731 45.83
21      94978   238     0.00251 0.99749 94860   4268637 44.94
22      94740   245     0.00258 0.99742 94618   4173777 44.06
23      94495   258     0.00273 0.99727 94367   4079159 43.17
24      94237   279     0.00296 0.99704 94100   3984791 42.28
25      93958   309     0.00329 0.99671 93806   3890692 41.41
26      93649   342     0.00366 0.99634 93481   3796886 40.54
27      93307   375     0.00402 0.99598 93122   3703405 39.69
28      92932   401     0.00431 0.99569 92733   3610283 38.85
29      92531   419     0.00452 0.99548 92323   3517550 38.01
30      92112   429     0.00466 0.99534 91898   3425227 37.19
31      91683   438     0.00478 0.99522 91465   3333329 36.36
32      91245   449     0.00492 0.99508 91022   3241864 35.53
33      90796   466     0.00513 0.99487 90565   3150842 34.70
34      90330   489     0.00541 0.99459 90088   3060278 33.88
35      89841   518     0.00576 0.99424 89585   2970190 33.06
36      89323   549     0.00615 0.99385 89051   2880605 32.25
37      88774   581     0.00655 0.99345 88486   2791554 31.45
38      88193   611     0.00693 0.99307 87890   2703068 30.65
39      87582   637     0.00728 0.99272 87266   2615178 29.86
40      86945   661     0.00760 0.99240 86616   2527913 29.07
41      86284   683     0.00791 0.99209 85944   2441296 28.29
42      85601   706     0.00825 0.99175 85250   2355352 27.52
43      84895   731     0.00861 0.99139 84532   2270102 26.74
44      84164   760     0.00903 0.99097 83787   2185570 25.97
45      83404   793     0.00951 0.99049 83010   2101784 25.20
46      82611   830     0.01005 0.98995 82199   2018773 24.44
47      81781   871     0.01065 0.98935 81349   1936574 23.68
48      80910   917     0.01133 0.98867 80455   1855225 22.93
49      79993   966     0.01208 0.98792 79514   1774769 22.19
50      79027   1019    0.01290 0.98710 78522   1695255 21.45
51      78008   1075    0.01378 0.98622 77475   1616733 20.73
52      76933   1134    0.01474 0.98526 76371   1539258 20.01
53      75799   1195    0.01577 0.98423 75207   1462887 19.30
54      74604   1259    0.01688 0.98312 73980   1387680 18.60
55      73345   1327    0.01809 0.98191 72687   1313700 17.91
56      72018   1400    0.01944 0.98056 71324   1241013 17.23
57      70618   1480    0.02095 0.97905 69885   1169688 16.56
58      69138   1566    0.02265 0.97735 68362   1099803 15.91
59      67572   1659    0.02454 0.97546 66750   1031441 15.26
60      65913   1756    0.02665 0.97335 65043   964690  14.64
61      64157   1856    0.02894 0.97106 63237   899647  14.02
62      62301   1956    0.03140 0.96860 61331   836410  13.43
63      60345   2053    0.03402 0.96598 59326   775079  12.84
64      58292   2146    0.03681 0.96319 57227   715752  12.28
65      56146   2235    0.03981 0.96019 55036   658526  11.73
66      53911   2322    0.04307 0.95693 52757   603490  11.19
67      51589   2408    0.04668 0.95332 50392   550733  10.68
68      49181   2492    0.05066 0.94934 47942   500341  10.17
69      46689   2570    0.05504 0.94496 45410   452399  9.69
70      44119   2638    0.05980 0.94020 42805   406989  9.22
71      41481   2689    0.06482 0.93518 40140   364184  8.78
72      38792   2717    0.07004 0.92996 37435   324044  8.35
73      36075   2720    0.07540 0.92460 34714   286609  7.94
74      33355   2699    0.08091 0.91909 32003   251895  7.55
75      30656   2658    0.08670 0.91330 29323   219892  7.17
76      27998   2604    0.09299 0.90701 26691   190569  6.81
77      25394   2540    0.10000 0.90000 24118   163878  6.45
78      22854   2466    0.10790 0.89210 21614   139760  6.12
79      20388   2380    0.11675 0.88325 19190   118145  5.79
80      18008   2277    0.12646 0.87354 16860   98955   5.50
81      15731   2151    0.13672 0.86328 14644   82095   5.22
82      13580   1999    0.14720 0.85280 12567   67451   4.97
83      11581   1825    0.15756 0.84244 10653   54884   4.74
84      9756    1634    0.16753 0.83247 8923    44231   4.53
85      8122    1437    0.17696 0.82304 7387    35308   4.35
86      6685    1242    0.18585 0.81415 6048    27921   4.18
87      5443    1057    0.19421 0.80579 4900    21873   4.02
88      4386    886     0.20211 0.79789 3930    16973   3.87
89      3500    734     0.20960 0.79040 3121    13044   3.73
90      2766    600     0.21677 0.78323 2456    9923    3.59
91      2166    485     0.22369 0.77631 1915    7467    3.45
92      1681    387     0.23048 0.76952 1480    5552    3.30
93      1294    307     0.23721 0.76279 1134    4072    3.15
94      987     241     0.24398 0.75602 862     2938    2.98
95      746     187     0.25089 0.74911 648     2076    2.78
96      559     144     0.25801 0.74199 484     1428    2.55
97      415     110     0.26543 0.73457 357     944     2.28
98      305     83      0.27322 0.72678 262     587     1.92
99      222     62      0.28143 0.71857 189     325     1.47
100     160     46      0.29010 0.70990 136     136     0.85
