# # Таблица построена модулем rtss.rosbris1959.ExportMortalityTables по данным в РосБРИС для РСФСР 1998
# Возраст в годах, Числа доживающих до возраста х лет, Числа умирающих при переходе от возраста x к возрасту х+1 лет, Вероятность умереть в течение предстоящего года жизни, Вероятность дожить до возраста х+1 лет, Числа живущих в возрасте х лет, Числа прожитых человеколет, Средняя продолжительность предстоящей жизни
# x, lx, dx, qx, px, Lx, Tx, ex

0       100000  1589    0.01589 0.98411 99206   7241367 72.41
1       98411   250     0.00254 0.99746 98286   7142162 72.57
2       98161   108     0.00110 0.99890 98107   7043876 71.76
3       98053   76      0.00078 0.99922 98015   6945769 70.84
4       97977   68      0.00069 0.99931 97943   6847754 69.89
5       97909   54      0.00055 0.99945 97881   6749811 68.94
6       97855   47      0.00048 0.99952 97831   6651929 67.98
7       97808   42      0.00043 0.99957 97787   6554098 67.01
8       97766   40      0.00040 0.99960 97746   6456312 66.04
9       97726   34      0.00035 0.99965 97709   6358566 65.07
10      97692   32      0.00033 0.99967 97676   6260857 64.09
11      97660   28      0.00028 0.99972 97646   6163182 63.11
12      97632   41      0.00042 0.99958 97612   6065535 62.13
13      97591   39      0.00040 0.99960 97572   5967923 61.15
14      97552   50      0.00051 0.99949 97528   5870352 60.18
15      97502   64      0.00066 0.99934 97472   5772823 59.21
16      97438   89      0.00091 0.99909 97395   5675352 58.25
17      97349   107     0.00109 0.99891 97297   5577957 57.30
18      97242   128     0.00132 0.99868 97179   5480659 56.36
19      97114   129     0.00133 0.99867 97049   5383480 55.43
20      96985   125     0.00129 0.99871 96922   5286431 54.51
21      96860   118     0.00122 0.99878 96800   5189509 53.58
22      96742   102     0.00105 0.99895 96691   5092709 52.64
23      96640   117     0.00121 0.99879 96582   4996018 51.70
24      96523   119     0.00124 0.99876 96464   4899436 50.76
25      96404   119     0.00124 0.99876 96344   4802972 49.82
26      96285   108     0.00112 0.99888 96232   4706628 48.88
27      96177   132     0.00137 0.99863 96112   4610397 47.94
28      96045   136     0.00142 0.99858 95977   4514285 47.00
29      95909   136     0.00142 0.99858 95841   4418307 46.07
30      95773   144     0.00150 0.99850 95701   4322466 45.13
31      95629   144     0.00150 0.99850 95557   4226765 44.20
32      95485   142     0.00149 0.99851 95415   4131208 43.27
33      95343   160     0.00168 0.99832 95264   4035793 42.33
34      95183   171     0.00180 0.99820 95098   3940529 41.40
35      95012   175     0.00184 0.99816 94925   3845431 40.47
36      94837   192     0.00202 0.99798 94742   3750505 39.55
37      94645   190     0.00201 0.99799 94551   3655764 38.63
38      94455   219     0.00232 0.99768 94347   3561213 37.70
39      94236   234     0.00249 0.99751 94121   3466865 36.79
40      94002   260     0.00277 0.99723 93874   3372745 35.88
41      93742   271     0.00289 0.99711 93608   3278871 34.98
42      93471   303     0.00324 0.99676 93321   3185263 34.08
43      93168   314     0.00337 0.99663 93013   3091942 33.19
44      92854   339     0.00365 0.99635 92688   2998929 32.30
45      92515   387     0.00418 0.99582 92325   2906241 31.41
46      92128   433     0.00470 0.99530 91913   2813916 30.54
47      91695   422     0.00460 0.99540 91486   2722003 29.69
48      91273   491     0.00538 0.99462 91032   2630517 28.82
49      90782   535     0.00590 0.99410 90517   2539484 27.97
50      90247   549     0.00608 0.99392 89979   2448968 27.14
51      89698   690     0.00769 0.99231 89356   2358989 26.30
52      89008   623     0.00700 0.99300 88698   2269633 25.50
53      88385   737     0.00834 0.99166 88019   2180934 24.68
54      87648   690     0.00787 0.99213 87303   2092915 23.88
55      86958   737     0.00847 0.99153 86598   2005612 23.06
56      86221   884     0.01025 0.98975 85784   1919014 22.26
57      85337   863     0.01011 0.98989 84907   1833230 21.48
58      84474   913     0.01081 0.98919 84024   1748323 20.70
59      83561   1018    0.01218 0.98782 83055   1664299 19.92
60      82543   989     0.01198 0.98802 82054   1581244 19.16
61      81554   1154    0.01415 0.98585 80987   1499190 18.38
62      80400   1224    0.01522 0.98478 79797   1418203 17.64
63      79176   1370    0.01730 0.98270 78497   1338406 16.90
64      77806   1360    0.01748 0.98252 77131   1259909 16.19
65      76446   1490    0.01949 0.98051 75711   1182778 15.47
66      74956   1592    0.02124 0.97876 74168   1107068 14.77
67      73364   1675    0.02283 0.97717 72538   1032900 14.08
68      71689   1857    0.02590 0.97410 70771   960363  13.40
69      69832   1919    0.02748 0.97252 68883   889592  12.74
70      67913   2103    0.03097 0.96903 66874   820709  12.08
71      65810   2212    0.03361 0.96639 64716   753835  11.45
72      63598   2381    0.03744 0.96256 62422   689120  10.84
73      61217   2564    0.04188 0.95812 59955   626698  10.24
74      58653   2856    0.04870 0.95130 57235   566743  9.66
75      55797   2801    0.05020 0.94980 54405   509508  9.13
76      52996   3070    0.05792 0.94208 51476   455103  8.59
77      49926   3166    0.06341 0.93659 48350   403626  8.08
78      46760   3243    0.06935 0.93065 45153   355276  7.60
79      43517   3508    0.08062 0.91938 41766   310123  7.13
80      40009   3314    0.08283 0.91717 38342   268357  6.71
81      36695   3258    0.08877 0.91123 35070   230016  6.27
82      33437   3415    0.10213 0.89787 31736   194946  5.83
83      30022   3420    0.11393 0.88607 28310   163209  5.44
84      26602   3377    0.12695 0.87305 24902   134899  5.07
85      23225   3132    0.13484 0.86516 21646   109997  4.74
86      20093   3073    0.15293 0.84707 18542   88351   4.40
87      17020   2793    0.16410 0.83590 15605   69809   4.10
88      14227   2634    0.18511 0.81489 12888   54204   3.81
89      11593   2266    0.19544 0.80456 10435   41316   3.56
90      9327    2042    0.21893 0.78107 8284    30880   3.31
91      7285    1732    0.23777 0.76223 6388    22596   3.10
92      5553    1303    0.23459 0.76541 4874    16208   2.92
93      4250    1082    0.25463 0.74537 3693    11334   2.67
94      3168    909     0.28701 0.71299 2697    7641    2.41
95      2259    679     0.30073 0.69927 1902    4945    2.19
96      1580    477     0.30220 0.69780 1332    3043    1.93
97      1103    449     0.40705 0.59295 874     1711    1.55
98      654     370     0.56542 0.43458 454     837     1.28
99      284     88      0.30814 0.69186 228     383     1.35
100     196     78      0.39715 0.60285 155     155     0.79
