# # Таблица построена модулем rtss.rosbris1959.ExportMortalityTables по данным в РосБРИС для РСФСР 1998
# Возраст в годах, Числа доживающих до возраста х лет, Числа умирающих при переходе от возраста x к возрасту х+1 лет, Вероятность умереть в течение предстоящего года жизни, Вероятность дожить до возраста х+1 лет, Числа живущих в возрасте х лет, Числа прожитых человеколет, Средняя продолжительность предстоящей жизни
# x, lx, dx, qx, px, Lx, Tx, ex

0       100000  1815    0.01815 0.98185 99093   6174839 61.75
1       98185   141     0.00144 0.99856 98115   6075747 61.88
2       98044   70      0.00071 0.99929 98009   5977632 60.97
3       97974   59      0.00060 0.99940 97945   5879623 60.01
4       97915   66      0.00067 0.99933 97882   5781679 59.05
5       97849   53      0.00054 0.99946 97822   5683797 58.09
6       97796   58      0.00059 0.99941 97767   5585975 57.12
7       97738   53      0.00054 0.99946 97711   5488208 56.15
8       97685   55      0.00056 0.99944 97657   5390496 55.18
9       97630   46      0.00047 0.99953 97607   5292839 54.21
10      97584   47      0.00048 0.99952 97560   5195232 53.24
11      97537   41      0.00042 0.99958 97516   5097672 52.26
12      97496   42      0.00043 0.99957 97475   5000156 51.29
13      97454   50      0.00052 0.99948 97430   4902680 50.31
14      97404   58      0.00060 0.99940 97376   4805251 49.33
15      97346   85      0.00087 0.99913 97306   4707874 48.36
16      97261   122     0.00126 0.99874 97204   4610568 47.40
17      97139   170     0.00175 0.99825 97058   4513365 46.46
18      96969   228     0.00235 0.99765 96859   4416306 45.54
19      96741   256     0.00265 0.99735 96616   4319448 44.65
20      96485   310     0.00321 0.99679 96334   4222831 43.77
21      96175   346     0.00359 0.99641 96005   4126497 42.91
22      95829   375     0.00391 0.99609 95643   4030493 42.06
23      95454   384     0.00403 0.99597 95263   3934850 41.22
24      95070   393     0.00414 0.99586 94874   3839587 40.39
25      94677   404     0.00427 0.99573 94475   3744712 39.55
26      94273   400     0.00424 0.99576 94073   3650237 38.72
27      93873   408     0.00435 0.99565 93670   3556164 37.88
28      93465   412     0.00441 0.99559 93260   3462495 37.05
29      93053   438     0.00471 0.99529 92837   3369234 36.21
30      92615   485     0.00524 0.99476 92375   3276397 35.38
31      92130   490     0.00532 0.99468 91885   3184023 34.56
32      91640   495     0.00541 0.99459 91394   3092137 33.74
33      91145   523     0.00574 0.99426 90886   3000743 32.92
34      90622   554     0.00611 0.99389 90348   2909857 32.11
35      90068   587     0.00651 0.99349 89777   2819510 31.30
36      89481   603     0.00674 0.99326 89181   2729733 30.51
37      88878   620     0.00698 0.99302 88570   2640552 29.71
38      88258   659     0.00747 0.99253 87932   2551982 28.92
39      87599   692     0.00790 0.99210 87260   2464050 28.13
40      86907   816     0.00939 0.99061 86503   2376791 27.35
41      86091   790     0.00918 0.99082 85697   2290288 26.60
42      85301   834     0.00977 0.99023 84889   2204591 25.84
43      84467   901     0.01067 0.98933 84020   2119702 25.10
44      83566   927     0.01109 0.98891 83108   2035682 24.36
45      82639   1025    0.01241 0.98759 82132   1952574 23.63
46      81614   1056    0.01293 0.98707 81088   1870442 22.92
47      80558   1083    0.01344 0.98656 80021   1789354 22.21
48      79475   1175    0.01478 0.98522 78897   1709333 21.51
49      78300   1314    0.01678 0.98322 77648   1630435 20.82
50      76986   1284    0.01668 0.98332 76350   1552788 20.17
51      75702   1466    0.01937 0.98063 74973   1476438 19.50
52      74236   1374    0.01851 0.98149 73552   1401465 18.88
53      72862   1529    0.02098 0.97902 72106   1327913 18.23
54      71333   1569    0.02199 0.97801 70548   1255808 17.60
55      69764   1519    0.02178 0.97822 69015   1185259 16.99
56      68245   1809    0.02650 0.97350 67349   1116245 16.36
57      66436   1722    0.02591 0.97409 65577   1048896 15.79
58      64714   1847    0.02854 0.97146 63800   983319  15.19
59      62867   1940    0.03085 0.96915 61903   919520  14.63
60      60927   2002    0.03286 0.96714 59932   857616  14.08
61      58925   2084    0.03537 0.96463 57887   797684  13.54
62      56841   2101    0.03696 0.96304 55794   739797  13.02
63      54740   2179    0.03980 0.96020 53653   684003  12.50
64      52561   2172    0.04133 0.95867 51480   630349  11.99
65      50389   2309    0.04582 0.95418 49243   578869  11.49
66      48080   2387    0.04964 0.95036 46891   529626  11.02
67      45693   2412    0.05279 0.94721 44489   482735  10.56
68      43281   2439    0.05636 0.94364 42064   438246  10.13
69      40842   2462    0.06029 0.93971 39615   396182  9.70
70      38380   2533    0.06599 0.93401 37111   356567  9.29
71      35847   2399    0.06692 0.93308 34642   319456  8.91
72      33448   2392    0.07151 0.92849 32249   284815  8.52
73      31056   2324    0.07483 0.92517 29892   252566  8.13
74      28732   2347    0.08170 0.91830 27551   222674  7.75
75      26385   2147    0.08137 0.91863 25306   195122  7.40
76      24238   2205    0.09097 0.90903 23132   169817  7.01
77      22033   2070    0.09397 0.90603 20990   146685  6.66
78      19963   2019    0.10114 0.89886 18956   125694  6.30
79      17944   2122    0.11826 0.88174 16877   106739  5.95
80      15822   1880    0.11883 0.88117 14864   89861   5.68
81      13942   1700    0.12194 0.87806 13082   74997   5.38
82      12242   1635    0.13354 0.86646 11421   61915   5.06
83      10607   1605    0.15134 0.84866 9796    50495   4.76
84      9002    1432    0.15904 0.84096 8272    40699   4.52
85      7570    1257    0.16609 0.83391 6929    32427   4.28
86      6313    1132    0.17934 0.82066 5736    25498   4.04
87      5181    983     0.18969 0.81031 4678    19763   3.81
88      4198    863     0.20562 0.79438 3757    15084   3.59
89      3335    752     0.22562 0.77438 2950    11327   3.40
90      2583    640     0.24794 0.75206 2252    8378    3.24
91      1943    479     0.24643 0.75357 1693    6126    3.15
92      1464    376     0.25654 0.74346 1268    4434    3.03
93      1088    295     0.27111 0.72889 934     3165    2.91
94      793     222     0.28002 0.71998 676     2231    2.81
95      571     149     0.26127 0.73873 492     1555    2.72
96      422     114     0.27030 0.72970 362     1063    2.52
97      308     72      0.23424 0.76576 270     701     2.28
98      236     74      0.31152 0.68848 198     431     1.83
99      162     53      0.32773 0.67227 133     233     1.44
100     109     15      0.14181 0.85819 100     100     0.92
