# age, both genders, male, female

# Таблица построена дезагрегацией данных АДХ при помощи модуля rtss.data.population.synthetic.PopulationADH

0    4,685,869       2,376,414       2,309,455      
1    4,485,107       2,268,518       2,216,589      
2    4,265,936       2,150,793       2,115,143      
3    4,046,029       2,032,675       2,013,354      
4    3,843,058       1,923,600       1,919,458      
5    3,674,696       1,833,003       1,841,693      
6    3,558,613       1,770,319       1,788,295      
7    3,514,374       1,745,827       1,768,548      
8    3,606,128       1,791,545       1,814,582      
9    3,839,189       1,910,307       1,928,882      
10   4,116,308       2,052,008       2,064,300      
11   4,335,083       2,163,725       2,171,359      
12   4,393,237       2,192,974       2,200,263      
13   4,231,040       2,112,248       2,118,792      
14   3,912,331       1,954,044       1,958,286      
15   3,535,625       1,765,638       1,769,987      
16   3,199,644       1,594,369       1,605,274      
17   2,999,179       1,485,695       1,513,484      
18   2,909,133       1,427,809       1,481,324      
19   2,836,420       1,377,489       1,458,931      
20   2,780,796       1,336,609       1,444,187      
21   2,747,906       1,309,882       1,438,025      
22   2,746,258       1,303,233       1,443,025      
23   2,823,998       1,341,197       1,482,801      
24   2,984,041       1,425,079       1,558,962      
25   3,169,846       1,524,640       1,645,206      
26   3,323,071       1,608,577       1,714,494      
27   3,385,937       1,646,057       1,739,880      
28   3,330,616       1,626,348       1,704,267      
29   3,191,529       1,569,377       1,622,152      
30   3,011,280       1,492,567       1,518,714      
31   2,832,015       1,412,747       1,419,268      
32   2,694,670       1,346,160       1,348,510      
33   2,600,625       1,290,823       1,309,802      
34   2,518,411       1,233,703       1,284,708      
35   2,439,719       1,175,359       1,264,361      
36   2,357,926       1,117,226       1,240,700      
37   2,266,402       1,060,669       1,205,733      
38   2,160,309       1,005,082       1,155,226      
39   2,043,643       949,663         1,093,979      
40   1,924,623       895,798         1,028,825      
41   1,811,575       844,992         966,584        
42   1,712,453       798,663         913,790        
43   1,624,344       755,778         868,566        
44   1,540,004       714,770         825,234        
45   1,461,919       676,589         785,329        
46   1,393,152       642,328         750,824        
47   1,336,724       613,095         723,628        
48   1,293,489       590,008         703,480        
49   1,259,717       571,979         687,739        
50   1,230,954       556,329         674,625        
51   1,202,768       540,327         662,441        
52   1,170,802       521,248         649,555        
53   1,133,610       497,252         636,358        
54   1,093,865       469,845         624,020        
55   1,053,762       441,881         611,880        
56   1,015,409       416,241         599,168        
57   980,894         395,760         585,133        
58   951,023         381,357         569,666        
59   923,912         370,760         553,152        
60   897,258         361,679         535,578        
61   868,768         351,865         516,903        
62   836,185         339,121         497,064        
63   798,592         323,092         475,500        
64   757,198         305,243         451,955        
65   713,152         286,169         426,983        
66   667,572         266,395         401,177        
67   621,462         246,383         375,079        
68   572,919         225,081         347,839        
69   520,894         201,972         318,922        
70   468,377         178,723         289,655        
71   418,562         157,106         261,456        
72   374,539         138,849         235,690        
73   336,042         124,054         211,987        
74   300,480         111,267         189,212        
75   267,555         99,836          167,719        
76   237,123         89,173          147,950        
77   208,964         78,672          130,292        
78   181,160         67,485          113,675        
79   153,198         55,833          97,365         
80   127,581         44,985          82,595         
81   106,955         36,256          70,698         
82   93,799          30,883          62,916         
83   85,668          27,833          57,835         
84   77,997          25,042          52,955         
85   68,200          21,721          46,479         
86   56,719          18,021          38,698         
87   46,682          14,835          31,847         
88   37,957          12,099          25,857         
89   30,425          9,760           20,665         
90   23,978          7,770           16,208         
91   18,514          6,085           12,428         
92   13,941          4,671           9,270          
93   10,172          3,494           6,679          
94   7,129           2,526           4,602          
95   4,735           1,746           2,989          
96   2,919           1,131           1,788          
97   1,611           665             946            
98   743             333             410            
99   243             122             121            
100  33              20              13             
