# age, both genders, male, female

# Таблица построена дезагрегацией данных АДХ при помощи модуля rtss.data.population.synthetic.PopulationADH

0    794,392         404,171         390,221        
1    1,081,999       550,889         531,110        
2    1,369,606       697,607         671,999        
3    1,657,213       844,325         812,888        
4    1,944,819       991,042         953,777        
5    2,232,426       1,137,760       1,094,666      
6    2,516,740       1,280,923       1,235,817      
7    2,668,857       1,354,807       1,314,050      
8    2,674,418       1,352,124       1,322,294      
9    2,539,558       1,276,385       1,263,173      
10   2,213,316       1,101,290       1,112,026      
11   2,048,177       1,011,964       1,036,213      
12   1,972,521       970,254         1,002,267      
13   1,989,635       977,686         1,011,949      
14   2,095,351       1,031,806       1,063,545      
15   2,339,103       1,160,861       1,178,242      
16   2,476,032       1,224,183       1,251,849      
17   2,543,495       1,243,001       1,300,494      
18   2,535,335       1,214,053       1,321,282      
19   2,454,034       1,139,902       1,314,132      
20   2,287,458       1,010,750       1,276,708      
21   2,128,392       904,260         1,224,132      
22   1,960,141       805,569         1,154,572      
23   1,784,252       715,083         1,069,169      
24   1,602,756       632,337         970,419        
25   1,398,085       551,360         846,725        
26   1,275,470       501,023         774,447        
27   1,209,340       473,315         736,025        
28   1,198,852       467,589         731,263        
29   1,241,254       482,713         758,541        
30   1,359,310       527,440         831,870        
31   1,438,473       557,449         881,024        
32   1,497,111       579,886         917,225        
33   1,532,248       593,620         938,628        
34   1,543,858       598,605         945,253        
35   1,527,806       593,655         934,151        
36   1,507,084       585,242         921,842        
37   1,477,817       572,310         905,507        
38   1,440,574       555,067         885,507        
39   1,395,718       533,726         861,992        
40   1,341,810       507,582         834,228        
41   1,288,917       481,824         807,093        
42   1,235,315       455,573         779,742        
43   1,181,205       428,937         752,268        
44   1,126,753       402,084         724,669        
45   1,070,523       373,568         696,955        
46   1,020,985       351,885         669,100        
47   976,279         335,166         641,113        
48   936,337         323,341         612,996        
49   900,876         316,041         584,835        
50   870,807         314,959         555,848        
51   840,304         309,719         530,585        
52   810,265         302,174         508,091        
53   780,524         292,191         488,333        
54   751,101         279,958         471,143        
55   721,605         264,625         456,980        
56   694,378         251,786         442,592        
57   668,906         240,372         428,534        
58   645,166         230,422         414,744        
59   622,945         221,795         401,150        
60   603,533         215,165         388,368        
61   579,101         206,296         372,805        
62   551,191         196,001         355,190        
63   519,825         184,274         335,551        
64   485,351         171,264         314,087        
65   446,593         156,485         290,108        
66   411,832         143,392         268,440        
67   379,371         131,267         248,104        
68   349,174         120,090         229,084        
69   321,030         109,766         211,264        
70   294,953         100,314         194,639        
71   269,749         91,136          178,613        
72   245,522         82,298          163,224        
73   222,164         73,757          148,407        
74   199,611         65,494          134,117        
75   177,618         57,372          120,246        
76   157,063         49,983          107,080        
77   137,612         43,127          94,485         
78   119,140         36,742          82,398         
79   101,568         30,777          70,791         
80   84,201          24,966          59,235         
81   70,210          20,415          49,795         
82   58,472          16,698          41,774         
83   48,662          13,682          34,980         
84   40,455          11,239          29,216         
85   33,561          9,279           24,282         
86   27,869          7,655           20,214         
87   23,157          6,320           16,837         
88   19,263          5,223           14,040         
89   16,049          4,323           11,726         
90   13,403          3,587           9,816          
91   11,230          2,986           8,244          
92   9,453           2,497           6,956          
93   8,009           2,102           5,907          
94   6,848           1,787           5,061          
95   5,925           1,537           4,388          
96   5,210           1,345           3,865          
97   4,676           1,202           3,474          
98   4,303           1,102           3,201          
99   4,077           1,042           3,035          
100  3,968           1,013           2,955          
