# age, both genders, male, female

# Таблица построена дезагрегацией данных АДХ при помощи модуля rtss.data.population.synthetic.PopulationADH

0    2,585,711       1,301,577       1,284,134      
1    2,644,288       1,328,430       1,315,858      
2    2,709,726       1,358,472       1,351,253      
3    2,775,438       1,388,642       1,386,796      
4    2,834,838       1,415,879       1,418,960      
5    2,881,340       1,437,120       1,444,220      
6    2,908,356       1,449,305       1,459,051      
7    2,889,062       1,438,442       1,450,620      
8    2,745,590       1,365,708       1,379,883      
9    2,509,651       1,247,425       1,262,226      
10   2,247,001       1,115,639       1,131,361      
11   2,023,398       1,002,396       1,021,002      
12   1,901,854       938,408         963,445        
13   1,861,530       913,772         947,758        
14   1,834,218       895,784         938,434        
15   1,816,763       883,356         933,407        
16   1,810,135       877,400         932,735        
17   1,818,113       880,019         938,094        
18   1,875,033       907,578         967,455        
19   1,981,956       960,647         1,021,308      
20   2,103,021       1,021,080       1,081,940      
21   2,201,570       1,070,271       1,131,299      
22   2,241,387       1,089,884       1,151,504      
23   2,204,734       1,071,650       1,133,085      
24   2,112,287       1,026,115       1,086,172      
25   1,991,877       966,474         1,025,403      
26   1,871,263       905,852         965,411        
27   1,777,421       856,961         920,460        
28   1,711,633       819,365         892,268        
29   1,653,807       783,348         870,458        
30   1,598,859       748,065         850,794        
31   1,542,799       713,269         829,530        
32   1,481,636       678,691         802,945        
33   1,412,545       643,629         768,916        
34   1,338,161       608,346         729,815        
35   1,263,653       574,304         689,349        
36   1,194,253       543,019         651,234        
37   1,134,952       515,922         619,031        
38   1,083,679       492,050         591,630        
39   1,035,463       469,706         565,757        
40   991,599         449,497         542,103        
41   953,756         432,161         521,595        
42   923,603         418,448         505,154        
43   902,073         409,006         493,067        
44   886,969         402,888         484,081        
45   874,709         398,123         476,586        
46   861,681         392,706         468,975        
47   844,321         384,643         459,677        
48   821,124         372,694         448,429        
49   794,166         357,833         436,332        
50   765,653         341,733         423,920        
51   737,751         326,073         411,679        
52   712,581         312,495         400,086        
53   690,632         301,323         389,308        
54   670,383         291,376         379,007        
55   650,797         281,952         368,845        
56   630,890         272,396         358,494        
57   609,707         262,072         347,635        
58   587,280         250,977         336,303        
59   564,326         239,603         324,723        
60   540,897         228,061         312,836        
61   516,999         216,431         300,568        
62   492,622         204,783         287,839        
63   467,364         192,931         274,433        
64   441,119         180,794         260,324        
65   414,446         168,668         245,778        
66   387,941         156,866         231,075        
67   362,176         145,700         216,476        
68   337,105         135,300         201,805        
69   312,333         125,466         186,866        
70   287,946         115,976         171,970        
71   264,064         106,610         157,454        
72   240,781         97,139          143,641        
73   217,660         87,245          130,415        
74   194,549         77,030          117,520        
75   172,131         67,012          105,119        
76   151,125         57,727          93,399         
77   132,178         49,672          82,506         
78   113,970         42,359          71,611         
79   95,596          35,231          60,365         
80   78,769          28,854          49,915         
81   65,336          23,853          41,483         
82   57,029          20,812          36,217         
83   52,189          19,061          33,128         
84   47,677          17,420          30,257         
85   42,502          15,437          27,065         
86   36,787          13,175          23,612         
87   31,608          11,146          20,463         
88   26,928          9,333           17,595         
89   22,710          7,721           14,989         
90   18,923          6,296           12,628         
91   15,539          5,044           10,494         
92   12,531          3,955           8,575          
93   9,878           3,018           6,859          
94   7,560           2,224           5,337          
95   5,563           1,563           4,000          
96   3,873           1,029           2,845          
97   2,484           614             1,870          
98   1,391           311             1,079          
99   598             116             483            
100  125             19              107            
