# age, both genders, male, female

# Таблица построена дезагрегацией данных АДХ при помощи модуля rtss.data.population.synthetic.PopulationADH

0    2,551,310       1,305,314       1,245,996      
1    2,338,478       1,193,676       1,144,802      
2    2,103,486       1,070,463       1,033,023      
3    1,867,608       946,787         920,821        
4    1,652,117       833,760         818,357        
5    1,478,289       742,496         735,793        
6    1,367,398       684,108         683,290        
7    1,348,803       673,762         675,041        
8    1,501,618       752,508         749,110        
9    1,801,894       908,127         893,767        
10   2,160,394       1,093,735       1,066,659      
11   2,487,220       1,262,073       1,225,147      
12   2,692,477       1,365,883       1,326,594      
13   2,697,493       1,364,567       1,332,926      
14   2,521,414       1,269,741       1,251,673      
15   2,262,194       1,131,058       1,131,136      
16   2,022,649       1,000,104       1,022,545      
17   1,904,923       928,412         976,511        
18   1,970,689       953,214         1,017,475      
19   2,163,549       1,048,215       1,115,334      
20   2,387,641       1,157,789       1,229,852      
21   2,546,503       1,225,601       1,320,902      
22   2,554,314       1,204,733       1,349,581      
23   2,403,859       1,100,382       1,303,477      
24   2,154,682       947,495         1,207,187      
25   1,871,113       782,170         1,088,943      
26   1,617,422       640,507         976,915        
27   1,455,254       557,097         898,157        
28   1,366,595       520,563         846,032        
29   1,290,617       493,663         796,954        
30   1,229,848       474,891         754,957        
31   1,190,794       465,007         725,787        
32   1,180,859       464,993         715,866        
33   1,224,146       481,565         742,581        
34   1,321,351       515,543         805,808        
35   1,438,409       555,534         882,875        
36   1,539,774       589,500         950,274        
37   1,590,193       605,556         984,637        
38   1,575,444       600,023         975,421        
39   1,520,182       581,388         938,794        
40   1,444,643       555,324         889,319        
41   1,367,731       527,069         840,662        
42   1,307,796       501,627         806,169        
43   1,265,290       477,226         788,064        
44   1,226,541       449,755         776,786        
45   1,188,879       421,423         767,456        
46   1,150,418       394,813         755,605        
47   1,109,137       372,418         736,719        
48   1,060,473       353,979         706,494        
49   1,004,092       337,366         666,726        
50   945,711         322,365         623,346        
51   891,305         308,885         582,420        
52   846,678         296,851         549,827        
53   811,767         286,439         525,328        
54   781,539         277,460         504,079        
55   754,320         269,170         485,150        
56   728,680         260,799         467,881        
57   703,258         251,597         451,661        
58   678,503         241,476         437,027        
59   655,239         230,958         424,281        
60   632,411         220,222         412,189        
61   608,863         209,421         399,442        
62   583,454         198,705         384,749        
63   555,787         188,112         367,675        
64   526,485         177,540         348,945        
65   496,024         166,915         329,109        
66   464,861         156,165         308,696        
67   433,384         145,202         288,182        
68   400,380         133,553         266,827        
69   365,350         121,165         244,185        
70   330,202         108,737         221,465        
71   296,958         97,001          199,957        
72   267,598         86,671          180,927        
73   242,404         77,795          164,609        
74   219,838         69,796          150,042        
75   199,058         62,441          136,617        
76   179,284         55,525          123,759        
77   159,691         48,823          110,868        
78   138,636         41,785          96,851         
79   116,330         34,425          81,905         
80   95,278          27,559          67,719         
81   78,080          22,034          56,046         
82   67,192          18,649          48,543         
83   60,718          16,748          43,970         
84   54,731          15,009          39,722         
85   47,275          12,794          34,481         
86   38,757          10,253          28,504         
87   31,496          8,141           23,355         
88   25,329          6,392           18,937         
89   20,118          4,953           15,165         
90   15,742          3,778           11,964         
91   12,095          2,826           9,269          
92   9,084           2,064           7,020          
93   6,627           1,461           5,166          
94   4,657           994             3,663          
95   3,110           640             2,470          
96   1,934           382             1,552          
97   1,080           203             877            
98   505             89              416            
99   168             27              141            
100  23              3               20             
