# age, male, female, both genders

Total        22,187,594      26,910,473      49,098,067
0            351,117         345,785         696,902
1            392,459         380,127         772,586
2            409,468         393,687         803,155
3            433,697         417,901         851,598
4            453,278         437,016         890,294
5            483,787         465,253         949,040
6            534,712         514,601         1,049,313
7            557,105         537,394         1,094,499
8            590,202         569,686         1,159,888
9            629,750         608,692         1,238,442
10           637,526         613,622         1,251,148
11           622,730         604,728         1,227,458
12           640,512         614,249         1,254,761
13           611,047         585,853         1,196,900
14           609,468         585,295         1,194,763
15           550,664         527,377         1,078,041
16           446,884         424,071         870,955
17           399,277         338,217         737,494
18           386,032         288,865         674,897
19           362,972         277,092         640,064
20           378,250         305,178         683,428
21           306,487         252,622         559,109
22           261,295         240,143         501,438
23           244,001         229,862         473,863
24           136,198         132,081         268,279
25           115,094         111,894         226,988
26           116,713         116,866         233,579
27           178,415         185,847         364,262
28           305,329         308,568         613,897
29           325,167         330,933         656,100
30           382,569         391,546         774,115
31           388,314         394,997         783,311
32           386,192         379,655         765,847
33           363,481         361,103         724,584
34           334,378         324,411         658,789
35           284,447         279,136         563,583
36           281,099         277,491         558,590
37           349,316         360,370         709,686
38           349,056         339,486         688,542
39           414,760         419,732         834,492
40           405,219         431,317         836,536
41           408,824         466,368         875,192
42           360,523         428,859         789,382
43           305,448         421,743         727,191
44           261,269         389,724         650,993
45           249,244         392,444         641,688
46           207,207         341,154         548,361
47           166,551         301,437         467,988
48           145,537         241,732         387,269
49           134,614         237,312         371,926
50           138,336         247,524         385,860
51           165,263         301,086         466,349
52           110,803         201,707         312,510
53           117,337         228,517         345,854
54           145,673         292,411         438,084
55           179,508         397,075         576,583
56           170,689         351,326         522,015
57           180,271         394,794         575,065
58           168,116         335,870         503,986
59           171,827         380,669         552,496
60           166,135         336,794         502,929
61           148,985         310,031         459,016
62           148,623         313,235         461,858
63           138,194         295,033         433,227
64           125,651         287,750         413,401
65           121,087         282,783         403,870
66           109,599         268,546         378,145
67           99,830          263,377         363,207
68           77,394          202,104         279,498
69           87,954          278,561         366,515
70           74,452          189,278         263,730
71           65,001          165,737         230,738
72           65,097          168,958         234,055
73           62,318          159,814         222,132
74           60,332          151,740         212,072
75           56,184          143,796         199,980
76           50,549          122,107         172,656
77           45,453          114,576         160,029
78           38,448          90,281          128,729
79           33,493          88,894          122,387
80           28,141          92,077          120,218
81           32,614          90,265          122,879
82           24,420          68,932          93,352
83           20,298          59,470          79,768
84           17,750          52,803          70,553
85           16,081          49,858          65,939
86           12,261          37,114          49,375
87           10,875          33,210          44,085
88           7,562           23,138          30,700
89           6,864           21,657          28,521
90           5,118           18,144          23,262
91           2,571           8,926           11,497
92           2,586           7,988           10,574
93           1,899           6,420           8,319
94           1,492           5,459           6,951
95           1,217           4,841           6,058
96           1,020           3,880           4,900
97           798             3,361           4,159
98           622             2,537           3,159
99           706             2,713           3,419
100+         1,117           4,978           6,095
unknown      21,296          24,806          46,102
