# age, both genders, male, female

# Таблица построена дезагрегацией данных АДХ при помощи модуля rtss.data.population.synthetic.PopulationADH

0    3,068,669       1,564,338       1,504,330      
1    2,722,206       1,386,273       1,335,934      
2    2,341,952       1,190,893       1,151,059      
3    1,960,345       994,820         965,525        
4    1,609,828       814,677         795,151        
5    1,322,840       667,084         655,756        
6    1,131,824       568,664         563,160        
7    1,073,756       538,316         535,440        
8    1,234,761       620,509         614,252        
9    1,598,820       807,427         791,392        
10   2,054,015       1,040,925       1,013,090      
11   2,485,987       1,261,528       1,224,459      
12   2,780,376       1,409,761       1,370,615      
13   2,828,383       1,429,596       1,398,787      
14   2,619,237       1,318,189       1,301,048      
15   2,280,132       1,140,266       1,139,866      
16   1,957,868       968,884         988,985        
17   1,797,741       876,867         920,874        
18   1,868,783       907,856         960,927        
19   2,084,480       1,020,129       1,064,350      
20   2,342,472       1,153,275       1,189,196      
21   2,542,219       1,247,719       1,294,500      
22   2,592,118       1,251,902       1,340,216      
23   2,487,204       1,169,814       1,317,389      
24   2,288,985       1,035,287       1,253,698      
25   2,049,476       881,622         1,167,854      
26   1,819,790       742,119         1,077,671      
27   1,648,787       648,692         1,000,095      
28   1,519,168       591,452         927,716        
29   1,386,781       539,116         847,665        
30   1,266,347       494,430         771,918        
31   1,176,102       462,248         713,854        
32   1,134,378       447,437         686,941        
33   1,162,347       456,301         706,047        
34   1,255,824       488,584         767,240        
35   1,377,768       531,197         846,571        
36   1,488,661       569,756         918,905        
37   1,549,175       589,994         959,181        
38   1,545,015       588,042         956,972        
39   1,509,382       576,011         933,371        
40   1,458,426       558,467         899,959        
41   1,404,611       538,794         865,817        
42   1,359,931       520,169         839,762        
43   1,321,942       499,968         821,973        
44   1,280,091       474,602         805,489        
45   1,235,057       446,628         788,429        
46   1,188,229       418,948         769,281        
47   1,140,824       394,343         746,480        
48   1,089,703       372,069         717,635        
49   1,033,186       350,012         683,174        
50   975,774         329,246         646,527        
51   922,277         311,033         611,244        
52   877,380         296,624         580,757        
53   841,364         286,551         554,812        
54   810,206         279,545         530,660        
55   781,995         273,885         508,110        
56   754,994         267,848         487,145        
57   727,506         259,742         467,764        
58   699,279         248,964         450,315        
59   671,226         236,561         434,666        
60   643,401         223,478         419,923        
61   615,791         210,632         405,159        
62   588,406         198,925         389,481        
63   561,702         188,676         373,026        
64   535,701         179,289         356,411        
65   509,584         170,193         339,391        
66   482,495         160,831         321,664        
67   453,527         150,640         302,887        
68   420,841         139,040         281,802        
69   384,553         126,297         258,256        
70   347,276         113,305         233,971        
71   311,728         100,975         210,754        
72   280,554         90,194          190,360        
73   253,859         80,962          172,897        
74   229,583         72,565          157,018        
75   207,106         64,817          142,289        
76   185,917         57,574          128,342        
77   165,455         50,673          114,782        
78   144,238         43,602          100,636        
79   122,284         36,334          85,950         
80   101,779         29,599          72,181         
81   85,005          24,160          60,845         
82   74,109          20,737          53,372         
83   67,264          18,698          48,566         
84   60,842          16,806          44,037         
85   52,358          14,223          38,134         
86   42,360          11,168          31,192         
87   33,914          8,668           25,246         
88   26,821          6,639           20,182         
89   20,903          5,004           15,899         
90   16,008          3,700           12,308         
91   12,000          2,672           9,327          
92   8,760           1,875           6,885          
93   6,185           1,268           4,917          
94   4,181           818             3,363          
95   2,667           494             2,172          
96   1,568           273             1,295          
97   816             132             684            
98   348             51              297            
99   101             13              88             
100  11              1               10             
