# age, both genders, male, female

# Таблица построена дезагрегацией данных АДХ при помощи модуля rtss.data.population.synthetic.PopulationADH

0    2,249,491       1,145,153       1,104,338      
1    2,320,631       1,175,739       1,144,892      
2    2,397,760       1,208,897       1,188,863      
3    2,475,130       1,242,159       1,232,971      
4    2,546,988       1,273,053       1,273,935      
5    2,607,584       1,299,110       1,308,474      
6    2,651,166       1,317,859       1,333,307      
7    2,672,196       1,326,945       1,345,251      
8    2,674,495       1,328,304       1,346,191      
9    2,667,559       1,325,782       1,341,777      
10   2,650,648       1,318,527       1,332,121      
11   2,622,180       1,305,347       1,316,833      
12   2,578,173       1,283,810       1,294,363      
13   2,457,814       1,222,131       1,235,683      
14   2,234,184       1,106,184       1,128,000      
15   1,971,760       969,157         1,002,603      
16   1,739,451       846,533         892,918        
17   1,606,130       773,791         832,339        
18   1,617,012       774,841         842,170        
19   1,728,648       826,678         901,971        
20   1,883,512       900,465         983,048        
21   2,027,838       970,105         1,057,733      
22   2,108,123       1,009,603       1,098,519      
23   2,110,759       1,012,452       1,098,307      
24   2,089,766       1,006,374       1,083,393      
25   2,059,003       997,494         1,061,509      
26   2,025,109       987,896         1,037,214      
27   1,993,911       979,182         1,014,729      
28   1,949,732       960,639         989,093        
29   1,878,247       923,791         954,456        
30   1,791,493       876,311         915,182        
31   1,702,901       826,709         876,193        
32   1,625,542       783,212         842,330        
33   1,560,658       745,389         815,269        
34   1,499,404       707,378         792,026        
35   1,439,665       669,647         770,018        
36   1,379,823       633,077         746,746        
37   1,318,115       598,465         719,651        
38   1,249,941       564,501         685,441        
39   1,175,456       530,311         645,145        
40   1,101,575       497,826         603,750        
41   1,035,513       469,118         566,395        
42   984,250         446,207         538,043        
43   947,210         429,145         518,065        
44   917,451         415,704         501,747        
45   892,395         404,345         488,050        
46   869,787         393,600         476,188        
47   847,452         382,048         465,404        
48   825,660         369,869         455,791        
49   805,705         358,137         447,568        
50   786,732         346,688         440,044        
51   767,757         335,277         432,480        
52   747,817         323,656         424,161        
53   726,695         311,496         415,199        
54   704,999         298,883         406,116        
55   683,044         286,290         396,753        
56   661,118         274,206         386,911        
57   639,522         263,132         376,390        
58   618,739         253,695         365,044        
59   598,578         245,676         352,902        
60   578,145         238,092         340,053        
61   556,519         229,930         326,589        
62   532,761         220,173         312,588        
63   505,768         207,991         297,777        
64   475,807         193,814         281,993        
65   444,330         178,761         265,568        
66   412,829         163,973         248,857        
67   382,728         150,545         232,183        
68   353,409         138,313         215,096        
69   323,704         126,407         197,296        
70   294,461         114,945         179,516        
71   266,646         104,105         162,541        
72   241,194         94,061          147,133        
73   218,103         84,787          133,316        
74   196,596         76,102          120,494        
75   176,447         67,953          108,494        
76   157,469         60,295          97,174         
77   139,422         53,060          86,362         
78   120,919         45,674          75,245         
79   101,744         38,019          63,725         
80   83,874          30,901          52,973         
81   69,388          25,170          44,218         
82   60,245          21,627          38,618         
83   54,784          19,590          35,194         
84   49,708          17,711          31,997         
85   43,648          15,452          28,196         
86   36,829          12,909          23,920         
87   30,824          10,696          20,128         
88   25,552          8,776           16,775         
89   20,942          7,119           13,823         
90   16,931          5,695           11,236         
91   13,462          4,479           8,983          
92   10,484          3,449           7,035          
93   7,955           2,586           5,369          
94   5,833           1,872           3,961          
95   4,086           1,294           2,792          
96   2,684           837             1,847          
97   1,601           490             1,111          
98   815             244             571            
99   305             88              216            
100  50              14              36             
