# Избыточные смерти населения СССР в 1941-1945 гг. по возрасту, в котором умерший был бы на начало 1946 года

# age, both genders, male, female

0            20,824          11,501           9,323
1            91,870          50,371          41,499
2           319,521         174,905         144,616
3         1,192,905         652,091         540,814
4         2,021,818       1,088,086         933,733
5           688,532         354,703         333,830
6           554,442         296,397         258,044
7           283,525         157,844         125,681
8           103,651          56,735          46,917
9           100,891          54,216          46,675
10           39,527          19,759          19,768
11           35,602          17,502          18,100
12           38,926          18,827          20,099
13           82,571          64,706          17,865
14           86,908          68,161          18,747
15          131,922          89,805          42,117
16          109,673          84,608          25,064
17          182,795         147,653          35,142
18          369,287         284,337          84,950
19          585,570         452,903         132,667
20          749,683         605,134         144,549
21          892,741         720,836         171,906
22          948,836         754,854         193,982
23          914,415         722,583         191,832
24          859,064         667,631         191,433
25          707,334         559,560         147,775
26          676,805         517,416         159,390
27          673,811         499,843         173,969
28          665,098         495,179         169,919
29          661,603         505,046         156,557
30          783,173         580,966         202,207
31          803,103         608,587         194,516
32          827,745         633,516         194,229
33          866,983         658,199         208,783
34          861,907         657,816         204,092
35          774,604         619,126         155,478
36          709,748         584,324         125,424
37          636,957         544,111          92,846
38          570,912         508,290          62,622
39          527,547         484,115          43,431
40          495,642         463,042          32,600
41          472,903         445,313          27,590
42          446,874         421,741          25,134
43          417,012         393,606          23,405
44          390,084         366,634          23,450
45          369,852         339,127          30,725
46          338,389         309,437          28,953
47          299,583         275,357          24,227
48          259,687         235,562          24,124
49          221,834         191,855          29,979
50          171,603         145,563          26,040
51          142,265         109,263          33,002
52          117,336          83,911          33,426
53           97,224          70,284          26,940
54           88,775          66,008          22,767
55          100,818          71,397          29,421
56          103,454          73,793          29,661
57          105,769          74,034          31,735
58          107,658          72,404          35,254
59          106,819          70,065          36,754
60          100,268          65,817          34,452
61           98,650          63,966          34,683
62           98,424          62,754          35,670
63           98,948          62,112          36,836
64          100,655          62,416          38,238
65          106,018          63,939          42,079
66          108,071          65,494          42,577
67          109,569          67,339          42,229
68          111,381          69,291          42,090
69          113,203          71,118          42,085
70          114,464          73,751          40,713
71          112,503          72,598          39,905
72          107,036          69,006          38,031
73          100,426          64,398          36,028
74           94,633          59,535          35,097
75           86,218          52,111          34,107
76           79,644          46,841          32,803
77           70,311          40,448          29,862
78           60,597          33,414          27,183
79           53,944          27,419          26,525
80           47,014          22,222          24,791
81           40,511          17,089          23,422
82           31,762          12,475          19,287
83           22,643           8,667          13,977
84           15,932           5,532          10,400
85           14,441           4,034          10,407
86           16,834           4,709          12,124
87           15,354           4,066          11,287
88           11,368           2,698           8,670
89            7,008           1,407           5,601
90            2,791             435           2,356
91            1,198             326             873
92              899             303             596
93              897             337             560
94            1,188             656             532
95            1,818             967             851
96            2,523           1,159           1,364
97            3,024           1,212           1,812
98            3,181           1,135           2,046
99            2,988             961           2,027
100           2,507             751           1,756
