# Избыточные смерти населения СССР в полугодии 1943.1

# age, both genders, male, female

0           270,067         146,306         123,762
1           113,005          57,105          55,901
2            88,292          45,486          42,806
3            71,089          38,004          33,085
4            36,338          20,231          16,107
5            13,290           7,274           6,016
6            12,940           6,953           5,986
7             5,064           2,531           2,533
8             4,566           2,245           2,321
9             4,994           2,416           2,578
10           10,593           8,302           2,291
11           11,146           8,741           2,405
12           16,922          11,519           5,403
13           14,066          10,853           3,213
14           23,456          18,946           4,510
15           47,381          36,481          10,900
16           75,514          58,496          17,017
17           98,181          79,641          18,540
18          102,548          80,498          22,050
19          103,506          78,627          24,879
20           96,155          71,552          24,603
21           90,658          66,109          24,549
22           74,357          55,407          18,950
23           71,680          51,236          20,444
24           71,809          49,496          22,313
25           70,826          49,035          21,791
26           70,095          50,014          20,081
27           83,469          57,533          25,936
28           85,212          60,266          24,946
29           87,646          62,735          24,911
30           91,957          65,179          26,778
31           91,312          65,139          26,173
32           81,244          61,307          19,937
33           73,945          57,861          16,084
34           65,784          53,879          11,905
35           58,361          50,332           8,029
36           53,508          47,939           5,569
37           50,032          45,852           4,180
38           47,634          44,096           3,538
39           44,985          41,762           3,223
40           41,977          38,976           3,002
41           39,313          36,305           3,008
42           37,522          33,581           3,941
43           34,354          30,641           3,713
44           30,373          27,266           3,107
45           26,419          23,325           3,094
46           22,842          18,997           3,845
47           17,752          14,413           3,340
48           15,052          10,819           4,233
49           12,595           8,308           4,287
50           10,414           6,960           3,454
51            9,457           6,536           2,920
52           10,800           7,026           3,774
53           10,934           7,130           3,804
54           12,569           8,498           4,070
55           13,383           8,861           4,522
56           13,699           8,986           4,714
57           12,859           8,441           4,418
58           12,652           8,204           4,448
59           12,623           8,048           4,575
60           12,690           7,966           4,724
61           12,910           8,005           4,904
62           13,597           8,200           5,397
63           13,861           8,400           5,461
64           14,053           8,637           5,416
65           14,285           8,887           5,398
66           14,519           9,121           5,397
67           14,680           9,459           5,221
68           14,428           9,311           5,118
69           13,727           8,850           4,877
70           12,879           8,259           4,621
71           12,136           7,635           4,501
72           11,057           6,683           4,374
73           10,214           6,007           4,207
74            9,017           5,187           3,830
75            7,771           4,285           3,486
76            6,918           3,516           3,402
77            6,029           2,850           3,179
78            5,195           2,191           3,004
79            4,073           1,600           2,473
80            2,903           1,111           1,792
81            2,043             709           1,334
82            1,852             517           1,335
83            2,159             604           1,555
84            1,969             521           1,447
85            1,458             346           1,112
86              898             180             718
87              358              56             302
88              154              42             112
89              115              39              76
90              115              43              72
91              152              84              68
92              233             124             109
93              324             149             175
94              388             155             232
95              408             146             262
96              383             123             260
97              321              96             225
98                0               0               0
99                0               0               0
100               0               0               0
