# Население СССР в начале полугодия 1943.1

# age, both genders, male, female

0         3,211,875       1,594,076       1,617,798
1         3,980,766       1,963,710       2,017,056
2         4,687,219       2,349,667       2,337,553
3         4,899,263       2,458,051       2,441,213
4         4,911,607       2,461,087       2,450,521
5         4,754,909       2,375,399       2,379,510
6         4,424,639       2,209,960       2,214,678
7         3,944,090       1,968,334       1,975,756
8         3,537,959       1,763,270       1,774,689
9         3,340,284       1,657,373       1,682,911
10        3,456,870       1,721,768       1,735,102
11        3,750,538       1,866,049       1,884,489
12        4,128,942       2,048,544       2,080,397
13        4,401,180       2,171,985       2,229,194
14        4,527,112       2,219,641       2,307,471
15        4,495,748       2,186,177       2,309,570
16        4,344,879       2,089,428       2,255,451
17        4,095,535       1,945,401       2,150,134
18        3,830,758       1,788,382       2,042,375
19        3,588,951       1,647,560       1,941,391
20        3,325,967       1,503,722       1,822,245
21        3,051,847       1,369,325       1,682,522
22        2,743,638       1,221,112       1,522,526
23        2,548,283       1,127,570       1,420,713
24        2,456,933       1,081,441       1,375,492
25        2,486,609       1,088,793       1,397,816
26        2,626,854       1,145,997       1,480,857
27        2,877,945       1,254,407       1,623,538
28        3,062,545       1,335,220       1,727,326
29        3,171,289       1,385,302       1,785,987
30        3,191,920       1,399,778       1,792,142
31        3,155,273       1,392,242       1,763,031
32        3,060,791       1,362,187       1,698,604
33        2,973,253       1,331,930       1,641,323
34        2,887,705       1,298,970       1,588,735
35        2,798,620       1,259,049       1,539,572
36        2,698,341       1,208,748       1,489,593
37        2,591,122       1,151,362       1,439,760
38        2,486,700       1,094,984       1,391,717
39        2,389,664       1,042,970       1,346,694
40        2,300,188         994,709       1,305,480
41        2,214,296         947,165       1,267,131
42        2,133,376         901,121       1,232,255
43        2,047,643         857,772       1,189,871
44        1,958,665         818,049       1,140,616
45        1,863,454         782,579       1,080,875
46        1,761,483         750,477       1,011,005
47        1,652,608         719,254         933,354
48        1,562,082         691,824         870,258
49        1,488,985         665,539         823,446
50        1,432,707         639,788         792,918
51        1,388,654         615,284         773,370
52        1,358,191         593,833         764,357
53        1,322,772         570,832         751,940
54        1,283,670         547,676         735,994
55        1,239,830         523,462         716,368
56        1,194,030         499,194         694,836
57        1,142,999         471,893         671,106
58        1,095,699         446,529         649,169
59        1,051,522         422,889         628,633
60        1,010,729         400,962         609,767
61          972,697         380,426         592,271
62          937,540         361,285         576,255
63          900,223         342,781         557,443
64          860,997         324,969         536,028
65          819,375         307,821         511,554
66          775,599         291,267         484,331
67          730,394         275,677         454,717
68          683,157         258,156         425,001
69          634,650         239,198         395,451
70          584,124         218,390         365,734
71          531,316         195,879         335,438
72          476,894         171,902         304,992
73          426,434         151,042         275,392
74          380,345         133,210         247,135
75          337,565         118,050         219,515
76          296,734         104,642         192,092
77          258,754          93,084         165,670
78          225,457          82,394         143,063
79          196,852          72,386         124,466
80          171,776          62,867         108,909
81          150,244          54,537          95,708
82          131,578          47,028          84,550
83          114,317          40,307          74,010
84           97,928          34,017          63,911
85           81,410          27,782          53,629
86           66,056          22,142          43,913
87           52,063          17,243          34,820
88           41,082          13,459          27,624
89           32,192          10,247          21,945
90           24,611           7,518          17,093
91           18,333           5,451          12,882
92           13,436           3,875           9,561
93            9,738           2,731           7,006
94            6,955           1,941           5,014
95            4,956           1,416           3,540
96            3,600           1,067           2,532
97            2,775             847           1,927
98            2,971             892           2,079
99            2,439             735           1,704
100           4,760           1,436           3,323
