# Избыточные смерти населения СССР в полугодии 1944.2

# age, both genders, male, female

0            72,969          39,977          32,991
1            16,041           8,249           7,792
2             5,255           2,583           2,672
3            80,620          41,127          39,493
4            56,015          29,498          26,517
5            37,809          20,540          17,269
6            14,021           7,920           6,101
7             8,899           4,783           4,116
8             6,288           3,313           2,975
9             3,267           1,629           1,637
10            3,174           1,485           1,689
11            5,058           3,364           1,694
12            7,897           6,317           1,580
13            9,558           6,962           2,595
14           10,673           7,477           3,196
15           11,421           9,274           2,147
16           23,456          18,412           5,044
17           42,462          32,520           9,942
18           56,672          44,302          12,370
19           69,573          55,800          13,773
20           80,318          63,883          16,435
21           77,769          60,704          17,066
22           73,539          56,260          17,279
23           64,090          49,161          14,929
24           55,616          42,563          13,053
25           55,577          40,676          14,901
26           55,332          39,851          15,481
27           53,519          39,548          13,972
28           59,145          43,392          15,753
29           66,144          48,136          18,008
30           66,528          49,667          16,861
31           69,687          51,902          17,785
32           71,885          53,163          18,723
33           67,406          51,377          16,029
34           60,449          48,218          12,231
35           55,019          45,299           9,720
36           48,866          42,090           6,775
37           44,293          39,720           4,573
38           41,231          37,948           3,284
39           39,046          36,432           2,614
40           37,155          34,842           2,313
41           34,854          32,707           2,147
42           32,468          30,476           1,992
43           30,717          28,319           2,399
44           28,781          26,044           2,737
45           25,847          23,512           2,335
46           22,579          20,542           2,037
47           19,641          17,195           2,446
48           15,970          13,504           2,466
49           12,652          10,109           2,543
50           10,688           7,637           3,051
51            8,787           6,084           2,704
52            7,442           5,357           2,086
53            7,745           5,466           2,279
54            8,876           6,212           2,664
55            8,987           6,318           2,669
56            9,073           6,112           2,961
57            9,429           6,204           3,225
58            9,152           6,000           3,151
59            8,732           5,708           3,025
60            8,700           5,595           3,105
61            8,710           5,506           3,204
62            8,777           5,485           3,291
63            9,123           5,573           3,551
64            9,487           5,715           3,772
65            9,605           5,862           3,743
66            9,756           6,037           3,719
67            9,917           6,190           3,727
68           10,074           6,413           3,661
69           10,067           6,506           3,560
70            9,727           6,272           3,455
71            9,154           5,893           3,262
72            8,633           5,498           3,135
73            7,991           4,933           3,058
74            7,326           4,359           2,967
75            6,657           3,875           2,782
76            5,758           3,259           2,499
77            5,042           2,674           2,368
78            4,467           2,193           2,274
79            3,872           1,734           2,139
80            3,216           1,298           1,918
81            2,390             926           1,464
82            1,668             620           1,048
83            1,271             393             878
84            1,389             383           1,006
85            1,471             405           1,065
86            1,194             301             893
87              813             179             634
88              415              73             342
89              156              30             126
90               84              28              56
91               77              26              51
92               90              42              48
93              128              73              56
94              193              95              97
95              248             106             142
96              278             105             173
97              276              93             183
98              246              76             170
99              104              31              73
100               0               0               0
