# age, both genders, male, female

# Таблица построена дезагрегацией данных АДХ при помощи модуля rtss.data.population.synthetic.PopulationADH

0    4,134,605       2,077,117       2,057,488      
1    3,594,482       1,805,968       1,788,514      
2    3,163,544       1,589,070       1,574,474      
3    2,862,564       1,436,554       1,426,010      
4    2,664,796       1,335,332       1,329,464      
5    2,523,356       1,262,254       1,261,102      
6    2,388,901       1,192,892       1,196,009      
7    2,241,969       1,117,643       1,124,326      
8    2,082,561       1,036,506       1,046,055      
9    1,919,213       953,705         965,508        
10   1,793,987       890,064         903,923        
11   1,754,090       868,929         885,161        
12   1,770,603       875,778         894,825        
13   1,845,040       911,313         933,727        
14   1,976,282       974,917         1,001,365      
15   2,202,388       1,085,591       1,116,797      
16   2,336,514       1,149,637       1,186,877      
17   2,406,144       1,180,865       1,225,279      
18   2,405,885       1,176,643       1,229,242      
19   2,338,071       1,138,265       1,199,806      
20   2,184,168       1,056,549       1,127,619      
21   2,066,453       993,300         1,073,153      
22   1,962,508       937,116         1,025,392      
23   1,873,785       888,678         985,107        
24   1,799,086       847,357         951,729        
25   1,741,561       814,441         927,120        
26   1,679,236       780,273         898,963        
27   1,615,989       746,525         869,464        
28   1,551,457       713,009         838,448        
29   1,485,758       679,753         806,005        
30   1,418,420       646,469         771,951        
31   1,352,475       614,740         737,735        
32   1,287,337       584,213         703,124        
33   1,223,002       554,851         668,151        
34   1,159,765       526,726         633,039        
35   1,094,286       498,492         595,794        
36   1,045,560       477,527         568,033        
37   1,009,527       462,231         547,296        
38   986,125         452,570         533,555        
39   974,501         448,180         526,321        
40   979,740         451,330         528,410        
41   971,779         448,680         523,099        
42   955,923         442,573         513,350        
43   931,744         432,810         498,934        
44   899,814         419,606         480,208        
45   857,244         401,908         455,336        
46   822,623         386,543         436,080        
47   792,464         372,265         420,199        
48   766,939         359,155         407,784        
49   745,729         347,128         398,601        
50   730,252         336,508         393,744        
51   711,622         325,183         386,439        
52   691,430         313,535         377,895        
53   669,554         301,538         368,016        
54   646,142         289,235         356,907        
55   620,359         276,371         343,988        
56   597,373         264,504         332,869        
57   576,196         253,323         322,873        
58   556,865         242,830         314,035        
59   539,207         232,972         306,235        
60   524,182         223,923         300,259        
61   505,920         214,514         291,406        
62   485,522         204,958         280,564        
63   462,964         195,241         267,723        
64   438,412         185,364         253,048        
65   411,354         175,406         235,948        
66   385,537         164,971         220,566        
67   360,254         154,157         206,097        
68   335,537         142,981         192,556        
69   311,318         131,485         179,833        
70   287,836         119,538         168,298        
71   263,518         108,085         155,433        
72   238,680         96,922          141,758        
73   213,330         86,033          127,297        
74   187,637         75,422          112,215        
75   160,498         64,705          95,793         
76   138,677         55,912          82,765         
77   120,307         48,432          71,875         
78   105,050         42,125          62,925         
79   92,468          36,826          55,642         
80   82,626          32,515          50,111         
81   72,993          28,455          44,538         
82   63,928          24,722          39,206         
83   55,319          21,262          34,057         
84   47,134          18,046          29,088         
85   39,044          14,951          24,093         
86   32,561          12,459          20,102         
87   27,153          10,383          16,770         
88   22,669          8,663           14,006         
89   18,957          7,240           11,717         
90   15,890          6,065           9,825          
91   13,364          5,098           8,266          
92   11,293          4,306           6,987          
93   9,604           3,660           5,944          
94   8,241           3,140           5,101          
95   7,157           2,726           4,431          
96   6,315           2,405           3,910          
97   5,684           2,165           3,519          
98   5,244           1,997           3,247          
99   4,976           1,895           3,081          
100  4,847           1,846           3,001          
