# Таблица построена по данным АДХ-РСФСР модулем rtss.data.mortality.synthetic.MortalityTableADH
# Возраст в годах, Числа доживающих до возраста х лет, Числа умирающих при переходе от возраста x к возрасту х+1 лет, Вероятность умереть в течение предстоящего года жизни, Вероятность дожить до возраста х+1 лет, Числа живущих в возрасте х лет, Числа прожитых человеколет, Средняя продолжительность предстоящей жизни
# x, lx, dx, qx, px, Lx, Tx, ex

0       100000  8600    0.08600 0.91400 95700   6341382 63.41
1       91400   2162    0.02365 0.97635 90319   6245682 68.33
2       89238   753     0.00844 0.99156 88862   6155363 68.98
3       88485   362     0.00409 0.99591 88304   6066502 68.56
4       88123   230     0.00261 0.99739 88008   5978198 67.84
5       87893   180     0.00205 0.99795 87800   5890190 67.02
6       87713   158     0.00180 0.99820 87633   5802390 66.15
7       87555   146     0.00167 0.99833 87481   5714757 65.27
8       87409   135     0.00155 0.99845 87341   5627276 64.38
9       87274   125     0.00143 0.99857 87211   5539935 63.48
10      87149   114     0.00131 0.99869 87091   5452725 62.57
11      87035   105     0.00121 0.99879 86982   5365634 61.65
12      86930   101     0.00116 0.99884 86879   5278652 60.72
13      86829   100     0.00115 0.99885 86779   5191772 59.79
14      86729   102     0.00118 0.99882 86678   5104993 58.86
15      86627   108     0.00125 0.99875 86574   5018315 57.93
16      86519   117     0.00136 0.99864 86461   4931741 57.00
17      86402   128     0.00149 0.99851 86339   4845280 56.08
18      86274   141     0.00163 0.99837 86205   4758941 55.16
19      86133   153     0.00178 0.99822 86058   4672737 54.25
20      85980   165     0.00191 0.99809 85898   4586679 53.35
21      85815   175     0.00203 0.99797 85728   4500781 52.45
22      85640   182     0.00213 0.99787 85550   4415052 51.55
23      85458   187     0.00219 0.99781 85365   4329503 50.66
24      85271   190     0.00223 0.99777 85176   4244138 49.77
25      85081   191     0.00225 0.99775 84986   4158962 48.88
26      84890   192     0.00227 0.99773 84794   4073976 47.99
27      84698   194     0.00229 0.99771 84601   3989182 47.10
28      84504   196     0.00232 0.99768 84406   3904581 46.21
29      84308   200     0.00237 0.99763 84208   3820175 45.31
30      84108   205     0.00244 0.99756 84006   3735966 44.42
31      83903   211     0.00252 0.99748 83798   3651960 43.53
32      83692   218     0.00260 0.99740 83584   3568162 42.63
33      83474   224     0.00268 0.99732 83363   3484579 41.74
34      83250   230     0.00276 0.99724 83136   3401216 40.86
35      83020   236     0.00284 0.99716 82902   3318081 39.97
36      82784   241     0.00292 0.99708 82664   3235178 39.08
37      82543   247     0.00299 0.99701 82420   3152514 38.19
38      82296   253     0.00308 0.99692 82170   3070094 37.31
39      82043   260     0.00317 0.99683 81914   2987924 36.42
40      81783   268     0.00328 0.99672 81650   2906011 35.53
41      81515   278     0.00341 0.99659 81377   2824361 34.65
42      81237   290     0.00357 0.99643 81093   2742984 33.77
43      80947   304     0.00376 0.99624 80796   2661891 32.88
44      80643   321     0.00398 0.99602 80484   2581095 32.01
45      80322   340     0.00423 0.99577 80154   2500611 31.13
46      79982   360     0.00450 0.99550 79804   2420457 30.26
47      79622   381     0.00479 0.99521 79433   2340653 29.40
48      79241   403     0.00508 0.99492 79041   2261220 28.54
49      78838   425     0.00539 0.99461 78627   2182179 27.68
50      78413   449     0.00572 0.99428 78191   2103551 26.83
51      77964   475     0.00610 0.99390 77729   2025361 25.98
52      77489   506     0.00653 0.99347 77239   1947632 25.13
53      76983   541     0.00703 0.99297 76716   1870393 24.30
54      76442   583     0.00762 0.99238 76154   1793677 23.46
55      75859   630     0.00831 0.99169 75548   1717523 22.64
56      75229   683     0.00908 0.99092 74892   1641975 21.83
57      74546   740     0.00992 0.99008 74181   1567083 21.02
58      73806   800     0.01085 0.98915 73411   1492902 20.23
59      73006   865     0.01185 0.98815 72579   1419491 19.44
60      72141   934     0.01295 0.98705 71680   1346912 18.67
61      71207   1010    0.01419 0.98581 70709   1275232 17.91
62      70197   1094    0.01559 0.98441 69657   1204523 17.16
63      69103   1189    0.01721 0.98279 68517   1134866 16.42
64      67914   1295    0.01907 0.98093 67276   1066349 15.70
65      66619   1413    0.02120 0.97880 65923   999073  15.00
66      65206   1541    0.02364 0.97636 64447   933150  14.31
67      63665   1679    0.02637 0.97363 62837   868704  13.64
68      61986   1825    0.02944 0.97056 61086   805866  13.00
69      60161   1976    0.03285 0.96715 59186   744780  12.38
70      58185   2131    0.03663 0.96337 57133   685595  11.78
71      56054   2288    0.04082 0.95918 54923   628462  11.21
72      53766   2444    0.04545 0.95455 52557   573539  10.67
73      51322   2594    0.05054 0.94946 50037   520982  10.15
74      48728   2732    0.05607 0.94393 47373   470945  9.66
75      45996   2852    0.06201 0.93799 44579   423573  9.21
76      43144   2943    0.06822 0.93178 41679   378994  8.78
77      40201   2998    0.07458 0.92542 38705   337315  8.39
78      37203   3012    0.08096 0.91904 35696   298610  8.03
79      34191   2983    0.08724 0.91276 32695   262914  7.69
80      31208   2914    0.09336 0.90664 29744   230219  7.38
81      28294   2810    0.09931 0.90069 26879   200475  7.09
82      25484   2678    0.10507 0.89493 24133   173596  6.81
83      22806   2524    0.11066 0.88934 21531   149462  6.55
84      20282   2355    0.11610 0.88390 19090   127932  6.31
85      17927   2176    0.12138 0.87862 16824   108842  6.07
86      15751   1993    0.12653 0.87347 14739   92018   5.84
87      13758   1810    0.13154 0.86846 12838   77279   5.62
88      11948   1630    0.13645 0.86355 11118   64441   5.39
89      10318   1458    0.14126 0.85874 9575    53323   5.17
90      8860    1294    0.14601 0.85399 8200    43748   4.94
91      7566    1140    0.15072 0.84928 6984    35548   4.70
92      6426    999     0.15542 0.84458 5915    28564   4.45
93      5427    869     0.16013 0.83987 4982    22649   4.17
94      4558    752     0.16489 0.83511 4173    17667   3.88
95      3806    646     0.16973 0.83027 3475    13494   3.55
96      3160    552     0.17466 0.82534 2877    10019   3.17
97      2608    469     0.17973 0.82027 2367    7143    2.74
98      2139    396     0.18494 0.81506 1935    4776    2.23
99      1743    332     0.19032 0.80968 1572    2840    1.63
100     1411    276     0.19588 0.80412 1268    1268    0.90
