# age, both genders, male, female

# Таблица построена дезагрегацией данных АДХ при помощи модуля rtss.data.population.synthetic.PopulationADH

0    5,673,421       2,930,189       2,743,232      
1    5,018,687       2,569,297       2,449,390      
2    4,484,692       2,280,140       2,204,552      
3    4,027,513       2,026,680       2,000,833      
4    3,631,657       1,803,649       1,828,008      
5    3,300,112       1,623,480       1,676,632      
6    3,046,321       1,502,011       1,544,310      
7    2,881,974       1,421,690       1,460,284      
8    2,840,241       1,379,524       1,460,717      
9    2,977,342       1,444,285       1,533,057      
10   3,337,035       1,623,586       1,713,449      
11   3,562,584       1,738,311       1,824,273      
12   3,709,204       1,816,287       1,892,917      
13   3,766,977       1,852,505       1,914,472      
14   3,737,200       1,847,311       1,889,889      
15   3,598,480       1,791,269       1,807,211      
16   3,481,182       1,740,529       1,740,653      
17   3,362,520       1,685,430       1,677,090      
18   3,244,802       1,627,088       1,617,714      
19   3,128,018       1,565,685       1,562,333      
20   3,010,662       1,500,140       1,510,522      
21   2,901,283       1,437,483       1,463,800      
22   2,798,125       1,376,400       1,421,725      
23   2,701,166       1,316,950       1,384,216      
24   2,609,766       1,259,029       1,350,737      
25   2,527,990       1,202,823       1,325,167      
26   2,431,272       1,146,794       1,284,478      
27   2,324,262       1,091,185       1,233,077      
28   2,206,887       1,035,939       1,170,948      
29   2,080,589       981,259         1,099,330      
30   1,937,295       924,986         1,012,309      
31   1,827,725       879,436         948,289        
32   1,741,206       841,940         899,266        
33   1,677,571       812,393         865,178        
34   1,635,203       790,245         844,958        
35   1,620,514       777,789         842,725        
36   1,593,279       760,495         832,784        
37   1,560,624       740,963         819,661        
38   1,521,919       718,983         802,936        
39   1,477,665       694,771         782,894        
40   1,424,987       667,165         757,822        
41   1,381,596       643,405         738,191        
42   1,344,172       622,115         722,057        
43   1,312,884       603,343         709,541        
44   1,287,361       586,972         700,389        
45   1,269,587       573,270         696,317        
46   1,247,418       560,260         687,158        
47   1,222,994       548,260         674,734        
48   1,196,138       537,222         658,916        
49   1,166,864       526,989         639,875        
50   1,135,833       518,889         616,944        
51   1,099,775       505,158         594,617        
52   1,059,390       487,277         572,113        
53   1,014,770       465,248         549,522        
54   966,232         439,428         526,804        
55   912,783         408,461         504,322        
56   861,702         381,690         480,012        
57   811,591         357,273         454,318        
58   762,496         335,225         427,271        
59   714,427         315,350         399,077        
60   666,521         297,907         368,614        
61   623,458         280,531         342,927        
62   584,088         263,606         320,482        
63   548,262         247,065         301,197        
64   515,671         230,892         284,779        
65   486,990         214,991         271,999        
66   457,111         199,761         257,350        
67   426,935         185,080         241,855        
68   396,381         170,915         225,466        
69   365,583         157,253         208,330        
70   333,514         143,800         189,714        
71   306,266         131,987         174,279        
72   282,403         121,428         160,975        
73   261,772         112,049         149,723        
74   244,045         103,736         140,309        
75   229,907         96,622          133,285        
76   214,069         89,406          124,663        
77   197,519         82,308          115,211        
78   180,216         75,295          104,921        
79   162,289         68,369          93,920         
80   143,267         61,452          81,815         
81   126,366         54,943          71,423         
82   110,792         48,729          62,063         
83   96,430          42,784          53,646         
84   83,145          37,092          46,053         
85   70,504          31,452          39,052         
86   60,051          26,820          33,231         
87   51,177          22,880          28,297         
88   43,680          19,549          24,131         
89   37,356          16,737          20,619         
90   32,037          14,370          17,667         
91   27,578          12,384          15,194         
92   23,860          10,727          13,133         
93   20,782          9,355           11,427         
94   18,261          8,230           10,031         
95   16,229          7,323           8,906          
96   14,631          6,609           8,022          
97   13,423          6,070           7,353          
98   12,573          5,690           6,883          
99   12,054          5,458           6,596          
100  11,803          5,346           6,457          
