# # Таблица построена модулем rtss.rosbris1959.ExportMortalityTables по данным в РосБРИС для РСФСР 1991
# Возраст в годах, Числа доживающих до возраста х лет, Числа умирающих при переходе от возраста x к возрасту х+1 лет, Вероятность умереть в течение предстоящего года жизни, Вероятность дожить до возраста х+1 лет, Числа живущих в возрасте х лет, Числа прожитых человеколет, Средняя продолжительность предстоящей жизни
# x, lx, dx, qx, px, Lx, Tx, ex

0       100000  1394    0.01394 0.98606 99303   7430924 74.31
1       98606   125     0.00126 0.99874 98544   7331621 74.35
2       98481   69      0.00070 0.99930 98447   7233077 73.45
3       98412   47      0.00048 0.99952 98389   7134631 72.50
4       98365   48      0.00049 0.99951 98341   7036242 71.53
5       98317   40      0.00040 0.99960 98297   6937901 70.57
6       98277   36      0.00036 0.99964 98259   6839605 69.60
7       98241   36      0.00037 0.99963 98223   6741346 68.62
8       98205   34      0.00035 0.99965 98188   6643123 67.65
9       98171   31      0.00032 0.99968 98155   6544935 66.67
10      98140   25      0.00026 0.99974 98127   6446780 65.69
11      98115   27      0.00027 0.99973 98102   6348653 64.71
12      98088   29      0.00030 0.99970 98074   6250551 63.72
13      98059   35      0.00036 0.99964 98042   6152477 62.74
14      98024   34      0.00034 0.99966 98008   6054435 61.76
15      97990   47      0.00048 0.99952 97968   5956428 60.79
16      97943   58      0.00059 0.99941 97915   5858460 59.81
17      97885   60      0.00062 0.99938 97855   5760546 58.85
18      97825   58      0.00059 0.99941 97796   5662691 57.89
19      97767   65      0.00067 0.99933 97735   5564895 56.92
20      97702   58      0.00059 0.99941 97673   5467160 55.96
21      97644   66      0.00068 0.99932 97611   5369487 54.99
22      97578   68      0.00070 0.99930 97544   5271876 54.03
23      97510   69      0.00070 0.99930 97475   5174332 53.06
24      97441   66      0.00068 0.99932 97408   5076856 52.10
25      97375   70      0.00072 0.99928 97340   4979448 51.14
26      97305   77      0.00079 0.99921 97267   4882108 50.17
27      97228   78      0.00080 0.99920 97189   4784841 49.21
28      97150   84      0.00087 0.99913 97108   4687652 48.25
29      97066   82      0.00085 0.99915 97025   4590543 47.29
30      96984   91      0.00094 0.99906 96939   4493518 46.33
31      96893   96      0.00099 0.99901 96845   4396579 45.38
32      96797   94      0.00098 0.99902 96750   4299734 44.42
33      96703   107     0.00110 0.99890 96650   4202983 43.46
34      96596   109     0.00113 0.99887 96542   4106333 42.51
35      96487   126     0.00131 0.99869 96425   4009791 41.56
36      96361   134     0.00139 0.99861 96295   3913366 40.61
37      96227   145     0.00151 0.99849 96155   3817071 39.67
38      96082   146     0.00151 0.99849 96010   3720916 38.73
39      95936   171     0.00178 0.99822 95852   3624906 37.78
40      95765   183     0.00191 0.99809 95675   3529054 36.85
41      95582   208     0.00218 0.99782 95480   3433379 35.92
42      95374   227     0.00238 0.99762 95261   3337899 35.00
43      95147   222     0.00234 0.99766 95039   3242638 34.08
44      94925   291     0.00306 0.99694 94782   3147599 33.16
45      94634   276     0.00292 0.99708 94497   3052818 32.26
46      94358   319     0.00338 0.99662 94201   2958321 31.35
47      94039   336     0.00357 0.99643 93871   2864120 30.46
48      93703   321     0.00343 0.99657 93546   2770248 29.56
49      93382   408     0.00437 0.99563 93181   2676703 28.66
50      92974   401     0.00431 0.99569 92775   2583522 27.79
51      92573   450     0.00486 0.99514 92352   2490746 26.91
52      92123   490     0.00532 0.99468 91880   2398395 26.03
53      91633   500     0.00545 0.99455 91387   2306515 25.17
54      91133   575     0.00631 0.99369 90852   2215128 24.31
55      90558   647     0.00714 0.99286 90241   2124276 23.46
56      89911   719     0.00799 0.99201 89554   2034036 22.62
57      89192   709     0.00795 0.99205 88841   1944482 21.80
58      88483   805     0.00909 0.99091 88088   1855641 20.97
59      87678   892     0.01017 0.98983 87239   1767553 20.16
60      86786   978     0.01126 0.98874 86303   1680313 19.36
61      85808   1041    0.01213 0.98787 85295   1594010 18.58
62      84767   1160    0.01369 0.98631 84196   1508715 17.80
63      83607   1268    0.01516 0.98484 82982   1424519 17.04
64      82339   1366    0.01659 0.98341 81665   1341537 16.29
65      80973   1486    0.01835 0.98165 80241   1259872 15.56
66      79487   1630    0.02051 0.97949 78685   1179631 14.84
67      77857   1801    0.02314 0.97686 76967   1100946 14.14
68      76056   1882    0.02474 0.97526 75126   1023979 13.46
69      74174   2056    0.02771 0.97229 73160   948853  12.79
70      72118   2229    0.03091 0.96909 71016   875693  12.14
71      69889   2356    0.03371 0.96629 68729   804677  11.51
72      67533   2672    0.03956 0.96044 66210   735947  10.90
73      64861   2668    0.04113 0.95887 63527   669737  10.33
74      62193   2666    0.04287 0.95713 60873   606211  9.75
75      59527   2972    0.04993 0.95007 58065   545338  9.16
76      56555   3233    0.05717 0.94283 54952   487273  8.62
77      53322   3288    0.06165 0.93835 51685   432322  8.11
78      50034   3406    0.06807 0.93193 48342   380636  7.61
79      46628   3547    0.07606 0.92394 44865   332295  7.13
80      43081   3665    0.08506 0.91494 41258   287429  6.67
81      39416   3771    0.09567 0.90433 37531   246171  6.25
82      35645   3687    0.10345 0.89655 33799   208640  5.85
83      31958   3712    0.11614 0.88386 30100   174841  5.47
84      28246   3637    0.12877 0.87123 26409   144741  5.12
85      24609   3259    0.13244 0.86756 22960   118333  4.81
86      21350   3179    0.14891 0.85109 19749   95372   4.47
87      18171   2976    0.16376 0.83624 16663   75623   4.16
88      15195   2687    0.17681 0.82319 13826   58961   3.88
89      12508   2368    0.18929 0.81071 11299   45135   3.61
90      10140   2088    0.20595 0.79405 9082    33836   3.34
91      8052    2031    0.25223 0.74777 7010    24754   3.07
92      6021    1459    0.24239 0.75761 5257    17743   2.95
93      4562    1207    0.26449 0.73551 3939    12486   2.74
94      3355    980     0.29216 0.70784 2844    8548    2.55
95      2375    695     0.29265 0.70735 2010    5704    2.40
96      1680    549     0.32677 0.67323 1392    3695    2.20
97      1131    372     0.32866 0.67134 932     2302    2.04
98      759     231     0.30430 0.69570 635     1371    1.81
99      528     173     0.32763 0.67237 436     736     1.39
100     355     103     0.28964 0.71036 299     299     0.84
