# age, both genders, male, female

# Таблица построена дезагрегацией данных АДХ при помощи модуля rtss.data.population.synthetic.PopulationADH

0    3,109,961       1,556,499       1,553,462      
1    3,076,390       1,539,286       1,537,104      
2    3,047,608       1,524,503       1,523,106      
3    3,019,018       1,509,817       1,509,201      
4    2,986,022       1,492,895       1,493,127      
5    2,944,022       1,471,405       1,472,618      
6    2,888,422       1,443,012       1,445,410      
7    2,812,844       1,404,487       1,408,357      
8    2,670,046       1,331,973       1,338,073      
9    2,443,665       1,217,122       1,226,543      
10   2,187,725       1,087,060       1,100,665      
11   1,959,598       970,601         988,997        
12   1,816,658       896,559         920,099        
13   1,794,662       883,695         910,967        
14   1,832,357       901,085         931,273        
15   1,892,708       929,289         963,419        
16   1,957,777       959,582         998,195        
17   2,010,496       983,665         1,026,830      
18   2,058,314       1,005,286       1,053,028      
19   2,114,705       1,031,178       1,083,527      
20   2,168,511       1,055,998       1,112,513      
21   2,207,170       1,073,714       1,133,456      
22   2,216,604       1,077,423       1,139,181      
23   2,172,633       1,054,998       1,117,634      
24   2,080,082       1,008,867       1,071,216      
25   1,963,344       950,553         1,012,791      
26   1,847,110       891,691         955,419        
27   1,755,408       843,555         911,853        
28   1,690,213       805,929         884,284        
29   1,633,924       770,272         863,653        
30   1,580,938       735,630         845,308        
31   1,526,560       701,573         824,987        
32   1,466,010       667,619         798,391        
33   1,393,901       632,319         761,582        
34   1,312,592       595,858         716,733        
35   1,230,706       560,730         669,976        
36   1,157,099       529,530         627,569        
37   1,100,333       504,757         595,576        
38   1,059,520       485,877         573,643        
39   1,026,343       470,106         556,236        
40   998,311         456,632         541,679        
41   973,349         444,778         528,571        
42   949,470         433,905         515,566        
43   927,212         424,349         502,863        
44   907,657         416,336         491,321        
45   889,295         408,857         480,438        
46   870,471         400,839         469,631        
47   849,539         391,209         458,330        
48   825,505         379,108         446,396        
49   799,191         364,987         434,204        
50   771,958         349,973         421,985        
51   745,172         335,213         409,959        
52   720,168         321,827         398,341        
53   697,245         310,013         387,232        
54   675,458         298,975         376,482        
55   654,198         288,300         365,898        
56   632,893         277,605         355,287        
57   610,991         266,522         344,469        
58   588,641         255,059         333,582        
59   566,277         243,513         322,764        
60   543,706         231,938         311,768        
61   520,699         220,371         300,328        
62   497,016         208,844         288,172        
63   472,225         197,261         274,964        
64   446,354         185,585         260,769        
65   419,985         173,966         246,020        
66   393,726         162,562         231,164        
67   368,164         151,535         216,629        
68   343,322         141,014         202,308        
69   318,802         130,923         187,880        
70   294,574         121,074         173,500        
71   270,630         111,276         159,355        
72   246,937         101,324         145,613        
73   222,786         90,743          132,043        
74   198,073         79,584          118,489        
75   173,913         68,587          105,326        
76   151,483         58,524          92,959         
77   131,868         50,121          81,747         
78   113,790         42,853          70,937         
79   95,946          35,916          60,030         
80   79,811          29,786          50,025         
81   67,006          25,009          41,997         
82   59,049          22,093          36,955         
83   54,305          20,375          33,930         
84   49,829          18,736          31,092         
85   44,543          16,682          27,862         
86   38,573          14,271          24,302         
87   33,129          12,086          21,043         
88   28,182          10,117          18,065         
89   23,706          8,353           15,353         
90   19,676          6,786           12,890         
91   16,071          5,407           10,665         
92   12,870          4,206           8,665          
93   10,055          3,175           6,880          
94   7,610           2,307           5,304          
95   5,521           1,592           3,929          
96   3,777           1,024           2,753          
97   2,367           592             1,775          
98   1,285           288             997            
99   529             100             428            
100  102             14              88             
