Year,Sex,Pdc0,Pdc1,Pdc5,Pdc10,Pdc15,Pdc20,Pdc25,Pdc30,Pdc35,Pdc40,Pdc45,Pdc50,Pdc55,Pdc60,Pdc65,Pdc70,Pdc75,Pdc80,Pdc85
1959,M,1398350,5464939,6382935,4617838,4115578,5970208,5126412,5218238,2621161,2272705,2727022,2188714,1538405,1139985,857880,609804,359054,160838,90990
1960,M,1385849,5473717,6469093,5308373,3407018,6202939,4874617,5586701,2945741,2169874,2722823,2282433,1627725,1139741,882003,597768,372759,172378,101316
1961,M,1357515,5512643,6566263,5727804,3095248,6167561,4817313,5730968,3405608,2162380,2608422,2372902,1737992,1154275,913588,608255,389411,188748,114970
1962,M,1284623,5518026,6664228,5959156,3268763,5728660,5005268,5628709,3976237,2239743,2427241,2442134,1862301,1181268,932625,621558,399679,202933,125899
1963,M,1203266,5424028,6795226,6162264,3779475,4900268,5372860,5343604,4564694,2342197,2285784,2519970,1948667,1250570,936321,632898,410609,219237,134707
1964,M,1114415,5241098,6859227,6277022,4504820,4030425,5803642,4970053,5060524,2518211,2179252,2586726,2022675,1338390,942839,652975,416745,233040,144994
1965,M,1030365,4962389,6846074,6354116,5247230,3361885,6043031,4715430,5417522,2834416,2068931,2582037,2110823,1426943,956136,682094,413345,237754,154029
1966,M,989955,4627053,6808899,6429698,5724502,3072561,6036720,4661272,5561426,3272060,2058294,2470472,2192697,1525187,968748,702194,416582,236758,156495
1967,M,954343,4326460,6693669,6509640,5992339,3253828,5632637,4843776,5456162,3823893,2134015,2286655,2256564,1631721,997038,714884,422840,234444,155141
1968,M,919054,4079766,6510940,6631593,6206777,3782949,4833974,5198904,5157910,4380093,2222053,2143792,2319770,1707851,1055527,717578,428221,235678,148032
1969,M,914551,3897612,6267195,6702528,6312228,4554581,3997630,5615312,4774381,4836561,2379953,2035499,2369645,1780189,1130181,720378,437665,233559,130719
1970,M,961658,3806589,5908257,6677564,6304104,5320639,3342197,5844737,4505790,5154257,2690789,1925952,2356442,1850260,1199014,720142,448327,225957,117923
1971,M,1016663,3776614,5537263,6640724,6290494,5747206,3060809,5823413,4459798,5265634,3114730,1917333,2245698,1912154,1267624,722522,457109,225098,119256
1972,M,1046325,3799499,5226929,6584766,6315231,5932694,3263401,5432161,4660848,5164041,3631103,1997199,2074146,1982331,1341457,745233,460673,228725,124814
1973,M,1060539,3878944,4965763,6425583,6397877,6063266,3800605,4667819,5025872,4895912,4157173,2088552,1952665,2043951,1399958,787791,456081,228093,131687
1974,M,1074590,3972622,4789654,6161499,6484705,6128775,4493727,3870982,5433028,4542450,4598709,2245036,1858300,2090762,1452358,843488,457059,228597,134856
1975,M,1095418,4060139,4714410,5824400,6548380,6186280,5167525,3255012,5663514,4304930,4910217,2531201,1755591,2080840,1513946,895300,464468,235552,134790
1976,M,1103999,4136436,4715579,5485037,6608850,6263343,5581587,2993368,5653704,4290887,5011554,2920945,1743069,1975652,1577646,949648,472986,240388,135118
1977,M,1105954,4196208,4775784,5181735,6602014,6350583,5783486,3196753,5266852,4488741,4906624,3401798,1812726,1812583,1637712,1009070,491442,241832,134314
1978,M,1098479,4247094,4872918,4929608,6466478,6514154,5945189,3725102,4518259,4839457,4642229,3889574,1892254,1703041,1687136,1058423,523582,244079,135477
1979,M,1096091,4286181,4992452,4761472,6203238,6630298,6067126,4393491,3746903,5225347,4296019,4294278,2032486,1618704,1722982,1097029,557085,246539,135472
1980,M,1106604,4313592,5111591,4697461,5852682,6664903,6169254,5041065,3154955,5439388,4066706,4568453,2289165,1523988,1707479,1135928,585590,249490,134814
1981,M,1122243,4341858,5202158,4717773,5490330,6690887,6256144,5444081,2903015,5424904,4048539,4647197,2635245,1510224,1612312,1178407,618905,252673,134616
1982,M,1154287,4382311,5269719,4802101,5177111,6643447,6330863,5650472,3087142,5059346,4228751,4540498,3064940,1566079,1474553,1219921,655347,261170,133877
1983,M,1217356,4449726,5327751,4920028,4931871,6485801,6452429,5826163,3581916,4351477,4557971,4289993,3496913,1635231,1376871,1253241,682176,277226,133271
1984,M,1236973,4571294,5382823,5036124,4786238,6228236,6554288,5959215,4236552,3612603,4924880,3966132,3849413,1755141,1304615,1276160,702478,292997,131856
1985,M,1210320,4702531,5431789,5137027,4751833,5916362,6608924,6071663,4884208,3040766,5134908,3754447,4090484,1968499,1231577,1260831,726335,306312,131290
1986,M,1227435,4796538,5478833,5219657,4801911,5606872,6651314,6185738,5301896,2797202,5137870,3740076,4170512,2267373,1223504,1188997,753083,322263,131217
1987,M,1252013,4883439,5552315,5281484,4920070,5321245,6621923,6285389,5546069,2967173,4817275,3915340,4094180,2648350,1269971,1090963,781754,340890,132735
1988,M,1219162,4938295,5137530,5363897,5081943,5044375,6358892,6431240,5803222,3825001,3847597,4449288,3788112,3222810,1445531,1020380,861956,390216,161563
1959,F,1341246,5261708,6177157,4485752,4111488,5936025,5215859,6088340,4169690,3666321,4595104,3821327,3322742,2390990,1842890,1448626,889104,426217,278943
1960,F,1325579,5267251,6250667,5134656,3413008,6192405,4950525,6184211,4590184,3468259,4604417,3973376,3352125,2482888,1899460,1431558,927327,439688,295258
1961,F,1296844,5300836,6345060,5490924,3062900,6184420,4893598,6097671,5055574,3436609,4405937,4131392,3416052,2635517,1984232,1455230,975692,470973,314880
1962,F,1228184,5300829,6448383,5656956,3195108,5764785,5070348,5886010,5475229,3593789,4079201,4270073,3538645,2775391,2050722,1493017,1006095,504025,321769
1963,F,1148767,5218513,6569201,5817823,3667561,4942192,5424270,5547863,5800383,3815671,3806850,4407578,3617342,2956763,2107920,1510964,1052993,543952,330567
1964,F,1063473,5049108,6618766,5940795,4329255,4053885,5862941,5111685,6014511,4097864,3595977,4528152,3707348,3124004,2178362,1536693,1102203,584276,347792
1965,F,984064,4778211,6603121,6064662,4983633,3360884,6112557,4826860,6086912,4517266,3375652,4545129,3840841,3234334,2288184,1609092,1112595,617240,363323
1966,F,946217,4455170,6565879,6192791,5382452,3034516,6113845,4773120,6001084,4978732,3343226,4350833,3989032,3315331,2422539,1689620,1121377,643974,376346
1967,F,914380,4165122,6454989,6301187,5605195,3174917,5712051,4948717,5783689,5393908,3502780,4000739,4145371,3420324,2558236,1765514,1137874,666256,389806
1968,F,880428,3930400,6288235,6419219,5810401,3669747,4902930,5297271,5428862,5702326,3711942,3716863,4282535,3512036,2722188,1824517,1152516,697620,406913
1969,F,885772,3749172,6047071,6478343,5949825,4359693,4017130,5726291,4968108,5879646,3974596,3485082,4402083,3618367,2874858,1893606,1172175,725740,421439
1970,F,935094,3675498,5701557,6425009,6073544,5053295,3329731,5973925,4660336,5908800,4461958,3271338,4423148,3728043,2990550,1966015,1208182,725864,439157
1971,F,979982,3669278,5368194,6343472,6183714,5471474,3027192,5969923,4623909,5796937,4967250,3276895,4213863,3845517,3079196,2066629,1265479,724791,460104
1972,F,1010216,3691355,5077132,6259837,6246183,5659418,3186467,5581120,4835788,5584546,5326993,3475274,3859129,3983128,3164906,2191797,1330465,729243,482195
1973,F,1023181,3767838,4821104,6104554,6323167,5811792,3694132,4804210,5209656,5257033,5584926,3733187,3599584,4088616,3248090,2327250,1367055,731022,509670
1974,F,1033885,3855716,4648708,5887093,6337936,5926547,4364197,3963018,5659981,4855184,5737000,4025902,3397714,4171920,3338482,2470769,1408631,740479,532281
1975,F,1057895,3936486,4577824,5609114,6309358,6032824,5015105,3305946,5927946,4593528,5791996,4421211,3194160,4167531,3441120,2584312,1477867,764249,541128
1976,F,1064686,4012263,4581336,5310294,6296776,6141152,5415502,3013080,5929422,4578356,5699084,4837625,3181663,3980350,3545254,2669409,1572943,797632,539811
1977,F,1065355,4067847,4642978,5028352,6241444,6228264,5614661,3176357,5543215,4789500,5491059,5193434,3371745,3651829,3666965,2750039,1683987,837769,538415
1978,F,1061308,4115565,4736652,4786612,6104632,6323423,5785584,3681129,4770528,5158532,5169527,5448339,3610145,3406842,3766268,2833488,1814259,870157,546606
1979,F,1055829,4157613,4843248,4623772,5904911,6356380,5915744,4346398,3936056,5600493,4775880,5600610,3877755,3222655,3837279,2910024,1938111,896674,555259
1980,F,1062316,4180265,4953671,4554178,5643022,6340704,6022432,4990637,3283675,5859546,4518754,5654759,4250613,3027908,3820216,2985065,2018045,940956,563029
1981,F,1079001,4199135,5043538,4557441,5343440,6340336,6121819,5388128,2990036,5854541,4496010,5564170,4650572,3006368,3640541,3058945,2072308,1007561,576102
1982,F,1109997,4231703,5110268,4623848,5054388,6309734,6204243,5596785,3137011,5475913,4690136,5365298,4999917,3164503,3339487,3153284,2122713,1081222,594413
1983,F,1170169,4292998,5167993,4724864,4802357,6202826,6315469,5778900,3620883,4716771,5044496,5057266,5254723,3381711,3103980,3232564,2173622,1159665,607539
1984,F,1189157,4410862,5220778,4840305,4633704,6009308,6381910,5914991,4285768,3894368,5473670,4668290,5404752,3638917,2928859,3292643,2223218,1231947,609346
1985,F,1165132,4538274,5264992,4960729,4571011,5741361,6403688,6028811,4943219,3249156,5728000,4407459,5456885,3991534,2755344,3280350,2282325,1279642,625416
1986,F,1181789,4629579,5311664,5057983,4591649,5446407,6434029,6140637,5357378,2952300,5733920,4373317,5376836,4380542,2733855,3129578,2345036,1318223,658790
1987,F,1203540,4713564,5383437,5125828,4677051,5168326,6407897,6225090,5593084,3084759,5379004,4551182,5195981,4732297,2865881,2879865,2427179,1354628,694864
1988,F,1171385,4762001,4980567,5208542,4851163,4857488,6159310,6336885,5833804,3939308,4264432,5120983,4747478,5066474,3257029,2617128,2619298,1482143,827326
