# # Таблица построена модулем rtss.rosbris1959.ExportMortalityTables по данным в РосБРИС для РСФСР 1994
# Возраст в годах, Числа доживающих до возраста х лет, Числа умирающих при переходе от возраста x к возрасту х+1 лет, Вероятность умереть в течение предстоящего года жизни, Вероятность дожить до возраста х+1 лет, Числа живущих в возрасте х лет, Числа прожитых человеколет, Средняя продолжительность предстоящей жизни
# x, lx, dx, qx, px, Lx, Tx, ex

0       100000  1578    0.01578 0.98422 99211   7107800 71.08
1       98422   163     0.00166 0.99834 98341   7008589 71.21
2       98259   92      0.00094 0.99906 98213   6910249 70.33
3       98167   70      0.00071 0.99929 98132   6812036 69.39
4       98097   64      0.00065 0.99935 98065   6713904 68.44
5       98033   49      0.00050 0.99950 98008   6615839 67.49
6       97984   43      0.00044 0.99956 97962   6517831 66.52
7       97941   39      0.00039 0.99961 97921   6419869 65.55
8       97902   37      0.00038 0.99962 97883   6321948 64.57
9       97865   33      0.00034 0.99966 97848   6224065 63.60
10      97832   32      0.00032 0.99968 97816   6126216 62.62
11      97800   31      0.00031 0.99969 97785   6028400 61.64
12      97769   32      0.00032 0.99968 97753   5930616 60.66
13      97737   34      0.00035 0.99965 97720   5832863 59.68
14      97703   42      0.00043 0.99957 97683   5735142 58.70
15      97661   57      0.00058 0.99942 97634   5637459 57.72
16      97604   77      0.00079 0.99921 97566   5539825 56.76
17      97527   80      0.00082 0.99918 97488   5442259 55.80
18      97447   95      0.00097 0.99903 97400   5344771 54.85
19      97352   90      0.00092 0.99908 97307   5247371 53.90
20      97262   98      0.00101 0.99899 97213   5150064 52.95
21      97164   94      0.00096 0.99904 97117   5052851 52.00
22      97070   95      0.00098 0.99902 97023   4955734 51.05
23      96975   99      0.00102 0.99898 96926   4858711 50.10
24      96876   102     0.00106 0.99894 96826   4761786 49.15
25      96774   113     0.00117 0.99883 96718   4664960 48.20
26      96661   111     0.00114 0.99886 96606   4568242 47.26
27      96550   125     0.00129 0.99871 96488   4471636 46.31
28      96425   125     0.00129 0.99871 96363   4375148 45.37
29      96300   135     0.00140 0.99860 96234   4278785 44.43
30      96165   151     0.00157 0.99843 96090   4182552 43.49
31      96014   151     0.00158 0.99842 95939   4086461 42.56
32      95863   167     0.00174 0.99826 95781   3990522 41.63
33      95696   177     0.00185 0.99815 95609   3894742 40.70
34      95519   198     0.00207 0.99793 95422   3799133 39.77
35      95321   220     0.00231 0.99769 95213   3703711 38.86
36      95101   236     0.00248 0.99752 94984   3608498 37.94
37      94865   243     0.00257 0.99743 94745   3513515 37.04
38      94622   273     0.00288 0.99712 94488   3418769 36.13
39      94349   292     0.00309 0.99691 94206   3324282 35.23
40      94057   341     0.00363 0.99637 93889   3230076 34.34
41      93716   350     0.00374 0.99626 93543   3136187 33.46
42      93366   384     0.00411 0.99589 93177   3042644 32.59
43      92982   417     0.00449 0.99551 92776   2949468 31.72
44      92565   451     0.00487 0.99513 92344   2856691 30.86
45      92114   527     0.00572 0.99428 91852   2764347 30.01
46      91587   482     0.00527 0.99473 91349   2672495 29.18
47      91105   605     0.00664 0.99336 90807   2581146 28.33
48      90500   594     0.00656 0.99344 90206   2490339 27.52
49      89906   666     0.00740 0.99260 89580   2400133 26.70
50      89240   763     0.00855 0.99145 88858   2310553 25.89
51      88477   658     0.00744 0.99256 88149   2221695 25.11
52      87819   798     0.00909 0.99091 87425   2133546 24.29
53      87021   772     0.00888 0.99112 86636   2046121 23.51
54      86249   833     0.00965 0.99035 85839   1959485 22.72
55      85416   937     0.01097 0.98903 84951   1873645 21.94
56      84479   912     0.01079 0.98921 84027   1788694 21.17
57      83567   1024    0.01226 0.98774 83063   1704668 20.40
58      82543   1115    0.01351 0.98649 81992   1621604 19.65
59      81428   1189    0.01460 0.98540 80838   1539612 18.91
60      80239   1234    0.01538 0.98462 79626   1458774 18.18
61      79005   1288    0.01630 0.98370 78368   1379147 17.46
62      77717   1397    0.01797 0.98203 77026   1300780 16.74
63      76320   1469    0.01924 0.98076 75593   1223754 16.03
64      74851   1576    0.02105 0.97895 74071   1148161 15.34
65      73275   1664    0.02271 0.97729 72452   1074090 14.66
66      71611   1790    0.02500 0.97500 70723   1001638 13.99
67      69821   1821    0.02609 0.97391 68919   930915  13.33
68      68000   1998    0.02938 0.97062 67013   861996  12.68
69      66002   2100    0.03181 0.96819 64966   794983  12.04
70      63902   2344    0.03668 0.96332 62741   730017  11.42
71      61558   2375    0.03858 0.96142 60379   667275  10.84
72      59183   2543    0.04297 0.95703 57922   606897  10.25
73      56640   2615    0.04617 0.95383 55341   548975  9.69
74      54025   2758    0.05105 0.94895 52668   493634  9.14
75      51267   3131    0.06107 0.93893 49713   440966  8.60
76      48136   3028    0.06291 0.93709 46613   391253  8.13
77      45108   2923    0.06480 0.93520 43653   344640  7.64
78      42185   3177    0.07531 0.92469 40613   300987  7.13
79      39008   3317    0.08503 0.91497 37357   260374  6.67
80      35691   3351    0.09388 0.90612 34013   223018  6.25
81      32340   3255    0.10064 0.89936 30711   189005  5.84
82      29085   3319    0.11412 0.88588 27424   158294  5.44
83      25766   3225    0.12516 0.87484 24147   130869  5.08
84      22541   3167    0.14049 0.85951 20943   106722  4.73
85      19374   2887    0.14902 0.85098 17913   85779   4.43
86      16487   2749    0.16674 0.83326 15098   67866   4.12
87      13738   2533    0.18438 0.81562 12444   52768   3.84
88      11205   2098    0.18727 0.81273 10128   40324   3.60
89      9107    1870    0.20538 0.79462 8154    30195   3.32
90      7237    1658    0.22916 0.77084 6386    22042   3.05
91      5579    1339    0.23998 0.76002 4886    15656   2.81
92      4240    1086    0.25619 0.74381 3681    10770   2.54
93      3154    953     0.30216 0.69784 2668    7089    2.25
94      2201    863     0.39220 0.60780 1747    4421    2.01
95      1338    413     0.30882 0.69118 1111    2674    2.00
96      925     379     0.40973 0.59027 728     1563    1.69
97      546     242     0.44362 0.55638 415     834     1.53
98      304     133     0.43784 0.56216 231     419     1.38
99      171     88      0.51347 0.48653 123     188     1.10
100     83      29      0.35481 0.64519 66      66      0.79
