# "Смертность и продолжительность жизни населения СССР. 1926–1927. Таблицы смертности", Планхозгиз, Москва—Ленинград, 1930, стр. 124–125
# №63 1874-1883 Борткевич
# Таблица построена В. И. Борткевичем для православного населения 50 губерний бывшей Европейской России по данным об умерших за 1874—1883 гг. и данным о родившихся за 1754—1883 гг. 

##############################################################

# Возраст в годах, Числа доживающих до возраста х лет, Числа умирающих при переходе от возраста x к возрасту х+1 лет, Вероятность умереть в течение предстоящего года жизни, Вероятность дожить до возраста х+1 лет, Числа живущих в возрасте х лет, Числа прожитых человеколет, Средняя продолжительность предстоящей жизни, вероятная продолжительность предстоящей жизни (до которой доживает половина группы)
# x, lx, dx, qx, px, Lx, Tx, ex, Vx

0	100000	28326	0.28326	0.71674	81818	2905200	29.05	14.52
1	71674	7598	0.10604	0.89396	67511	2823382	39.39	45.42
2	64076	4173	0.06513	0.93487	61783	2755871	43.01	49.91
3	59903	2641	0.04409	0.95591	58493	2694088	44.97	51.4
4	57262	1934	0.03377	0.96623	56242	2635595	46.03	51.82
5	55328	1370	0.02476	0.97524	54602	2579353	46.62	51.79
6	53958	950	0.01761	0.98239	53454	2524751	46.79	51.45
7	53008	672	0.01268	0.98732	52654	2471297	46.62	50.9
8	52336	509	0.00973	0.99027	52071	2418643	46.21	50.2
9	51827	415	0.00801	0.99199	51613	2366572	45.66	49.43
10	51412	361	0.00702	0.99298	51228	2314959	45.03	48.62
11	51051	319	0.00625	0.99375	50889	2263731	44.34	47.78
12	50732	295	0.00581	0.99419	50583	2212842	43.62	46.93
13	50437	286	0.00567	0.99433	50294	2162259	42.87	46.06
14	50151	291	0.0058	0.9942	50006	2111965	42.11	45.18
15	49860	301	0.00604	0.99396	49710	2061959	41.35	44.31
16	49559	312	0.0063	0.9937	49404	2012249	40.6	43.44
17	49247	323	0.00656	0.99344	49086	1962845	39.86	42.58
18	48924	332	0.00679	0.99321	48759	1913759	39.12	41.72
19	48592	343	0.00706	0.99294	48422	1865000	38.38	40.86
20	48249	356	0.00738	0.99262	48072	1816578	37.65	40.01
21	47893	369	0.0077	0.9923	47710	1768506	36.93	39.16
22	47524	381	0.00802	0.99198	47335	1720796	36.21	38.32
23	47143	393	0.00834	0.99166	46947	1673461	35.5	37.48
24	46750	404	0.00864	0.99136	46549	1626514	34.79	36.64
25	46346	412	0.00889	0.99111	46141	1579965	34.09	35.81
26	45934	419	0.00912	0.99088	45725	1533824	33.39	34.99
27	45515	423	0.00929	0.99071	45304	1488099	32.69	34.16
28	45092	427	0.00947	0.99053	44879	1442795	32	33.33
29	44665	430	0.00963	0.99037	44450	1397916	31.3	32.51
30	44235	434	0.00981	0.99019	44018	1353466	30.6	31.69
31	43801	440	0.01005	0.98995	43582	1309448	29.9	30.87
32	43361	448	0.01033	0.98967	43138	1265866	29.19	30.05
33	42913	457	0.01065	0.98935	42685	1222728	28.49	29.23
34	42456	467	0.011	0.989	42223	1180043	27.79	28.42
35	41989	477	0.01136	0.98864	41751	1137820	27.1	27.61
36	41512	488	0.01176	0.98824	41269	1096069	26.4	26.8
37	41024	499	0.01216	0.98784	40775	1054800	25.71	26
38	40525	511	0.01261	0.98739	40270	1014025	25.02	25.2
39	40014	522	0.01305	0.98695	39754	973755	24.34	24.41
40	39492	533	0.0135	0.9865	39226	934001	23.65	23.62
41	38959	544	0.01396	0.98604	38688	894775	22.97	22.83
42	38415	556	0.01447	0.98553	38138	856087	22.29	22.05
43	37859	571	0.01508	0.98492	37575	817949	21.61	21.28
44	37288	586	0.01572	0.98428	36996	780374	20.93	20.51
45	36702	604	0.01646	0.98354	36402	743378	20.25	19.74
46	36098	625	0.01731	0.98269	35787	706976	19.58	18.99
47	35473	646	0.01821	0.98179	35152	671189	18.92	18.24
48	34827	670	0.01924	0.98076	34494	636037	18.26	17.5
49	34157	698	0.02044	0.97956	33810	601543	17.61	16.78
50	33459	729	0.02179	0.97821	33097	567733	16.97	16.06
51	32730	764	0.02334	0.97666	32351	534636	16.33	15.36
52	31966	804	0.02515	0.97485	31568	502285	15.71	14.67
53	31162	850	0.02728	0.97272	30741	470717	15.11	14.01
54	30312	900	0.02969	0.97031	29866	439976	14.51	13.36
55	29412	953	0.0324	0.9676	28940	410110	13.94	12.74
56	28459	1006	0.03535	0.96465	27960	381170	13.39	12.14
57	27453	1059	0.03858	0.96142	26928	353210	12.87	11.58
58	26394	1108	0.04198	0.95802	25844	326282	12.36	11.04
59	25286	1150	0.04548	0.95452	24714	300438	11.88	10.53
60	24136	1185	0.0491	0.9509	23546	275724	11.42	10.05
61	22951	1212	0.05281	0.94719	22347	252178	10.99	9.61
62	21739	1229	0.05653	0.94347	21126	229831	10.57	9.18
63	20510	1238	0.06036	0.93964	19891	208705	10.18	8.78
64	19272	1239	0.06429	0.93571	18652	188814	9.8	8.4
65	18033	1231	0.06826	0.93174	17417	170162	9.44	8.03
66	16802	1215	0.07231	0.92769	16193	152745	9.09	7.69
67	15587	1190	0.07635	0.92365	14990	136552	8.76	7.36
68	14397	1157	0.08036	0.91964	13815	121562	8.44	7.04
69	13240	1116	0.08429	0.91571	12678	107747	8.14	6.73
70	12124	1071	0.08834	0.91166	11585	95069	7.84	6.42
71	11053	1025	0.09273	0.90727	10537	83484	7.55	6.11
72	10028	979	0.09763	0.90237	9535	72947	7.27	5.81
73	9049	933	0.10311	0.89689	8579	63412	7.01	5.53
74	8116	887	0.10929	0.89071	7669	54833	6.76	5.26
75	7229	838	0.11592	0.88408	6806	47164	6.52	5.01
76	6391	785	0.12283	0.87717	5994	40358	6.31	4.8
77	5606	727	0.12968	0.87032	5237	34364	6.13	4.62
78	4879	663	0.13589	0.86411	4542	29127	5.97	4.46
79	4216	597	0.1416	0.8584	3912	24585	5.83	4.32
80	3619	530	0.14645	0.85355	3348	20673	5.71	4.2
81	3089	465	0.15053	0.84947	2851	17325	5.61	4.11
82	2624	404	0.15396	0.84604	2417	14474	5.52	4
83	2220	349	0.15721	0.84279	2042	12057	5.43	3.94
84	1871	300	0.16034	0.83966	1717	10015	5.35	3.86
85	1571	257	0.16359	0.83641	1439	8298	5.28	3.81
86	1314	218	0.16591	0.83409	1202	6859	5.22	3.78
87	1096	185	0.1688	0.8312	1001	5657	5.16	3.76
88	911	154	0.16904	0.83096	832	4656	5.11	3.77
89	757	128	0.16909	0.83091	691	3824	5.05	3.81
90	629	106	0.16852	0.83148	574	3133	4.98	3.82
91	523	87	0.16635	0.83365	478	2559	4.89	3.77
92	436	72	0.16514	0.83486	399	2081	4.77	3.7
93	364	61	0.16758	0.83242	333	1682	4.62	3.54
94	303	53	0.17492	0.82508	276	1349	4.45	3.31
95	250	46	0.184	0.816	227	1073	4.29	3.06
96	204	41	0.20307	0.79693	183	846	4.15	2.81
97	163	36	0.22086	0.77914	145	663	4.07	2.56
98	127	31	0.2441	0.7559	111	518	4.08	
99	96	25	0.26042	0.73958	83	407	4.24	
100	71					324	4.56	
