# age, both genders, male, female

# Таблица построена дезагрегацией данных АДХ при помощи модуля rtss.data.population.synthetic.PopulationADH

0    707,535         361,098         346,437        
1    1,026,489       523,104         503,386        
2    1,368,671       697,120         671,551        
3    1,711,782       871,616         840,166        
4    2,033,523       1,035,062       998,461        
5    2,311,597       1,175,928       1,135,669      
6    2,523,703       1,282,683       1,241,021      
7    2,647,545       1,343,795       1,303,750      
8    2,651,798       1,342,192       1,309,606      
9    2,497,357       1,257,402       1,239,954      
10   2,254,604       1,126,915       1,127,689      
11   2,027,297       1,003,730       1,023,567      
12   1,918,145       940,603         977,542        
13   1,976,420       967,513         1,008,907      
14   2,142,536       1,054,240       1,088,296      
15   2,344,036       1,158,665       1,185,370      
16   2,509,455       1,239,166       1,270,289      
17   2,570,689       1,257,156       1,313,533      
18   2,519,101       1,209,093       1,310,008      
19   2,404,719       1,117,919       1,286,800      
20   2,256,605       1,005,409       1,251,196      
21   2,101,194       893,314         1,207,880      
22   1,962,983       802,388         1,160,595      
23   1,814,498       724,646         1,089,851      
24   1,627,721       642,243         985,479        
25   1,435,609       564,196         871,414        
26   1,274,390       501,096         773,295        
27   1,180,289       463,534         716,755        
28   1,180,088       460,471         719,617        
29   1,252,622       486,703         765,919        
30   1,358,551       526,991         831,560        
31   1,459,529       565,874         893,655        
32   1,517,349       587,967         929,382        
33   1,521,864       589,572         932,292        
34   1,513,707       586,596         927,111        
35   1,502,222       582,354         919,868        
36   1,490,670       577,922         912,747        
37   1,481,641       574,080         907,561        
38   1,460,287       563,858         896,429        
39   1,414,181       541,786         872,395        
40   1,353,224       512,607         840,617        
41   1,288,482       481,594         806,887        
42   1,230,612       453,796         776,816        
43   1,178,128       427,830         750,299        
44   1,123,554       400,173         723,381        
45   1,069,459       373,359         696,100        
46   1,019,035       350,273         668,761        
47   975,356         333,738         641,617        
48   937,849         324,116         613,733        
49   903,302         318,514         584,788        
50   870,926         314,612         556,314        
51   840,095         310,167         529,928        
52   810,180         302,964         507,216        
53   780,569         292,154         488,415        
54   751,230         279,103         472,127        
55   722,518         265,156         457,362        
56   694,803         251,630         443,173        
57   668,485         239,823         428,662        
58   644,517         230,272         414,245        
59   622,677         222,119         400,558        
60   601,249         214,408         386,840        
61   578,452         206,198         372,254        
62   552,477         196,543         355,934        
63   521,299         184,706         336,593        
64   485,524         171,145         314,379        
65   447,903         156,933         290,970        
66   411,264         143,160         268,104        
67   378,347         130,881         247,466        
68   349,092         120,082         229,010        
69   321,395         109,944         211,452        
70   294,996         100,331         194,665        
71   269,758         91,157          178,601        
72   245,543         82,334          163,210        
73   222,147         73,750          148,397        
74   199,556         65,428          134,128        
75   177,969         57,506          120,463        
76   157,594         50,128          107,466        
77   138,568         43,412          95,157         
78   119,382         36,832          82,550         
79   99,487          30,123          69,364         
80   80,973          23,967          57,006         
81   66,059          19,091          46,968         
82   56,832          16,178          40,654         
83   51,522          14,603          36,919         
84   46,614          13,161          33,452         
85   40,625          11,383          29,242         
86   33,826          9,360           24,466         
87   27,925          7,629           20,295         
88   22,821          6,155           16,666         
89   18,428          4,904           13,524         
90   14,667          3,850           10,817         
91   11,470          2,969           8,502          
92   8,776           2,238           6,538          
93   6,531           1,640           4,892          
94   4,688           1,157           3,531          
95   3,206           777             2,429          
96   2,048           486             1,562          
97   1,181           273             908            
98   575             129             446            
99   202             44              159            
100  30              6               24             
