# # Таблица построена модулем rtss.rosbris1959.ExportMortalityTables по данным в РосБРИС для РСФСР 2003
# Возраст в годах, Числа доживающих до возраста х лет, Числа умирающих при переходе от возраста x к возрасту х+1 лет, Вероятность умереть в течение предстоящего года жизни, Вероятность дожить до возраста х+1 лет, Числа живущих в возрасте х лет, Числа прожитых человеколет, Средняя продолжительность предстоящей жизни
# x, lx, dx, qx, px, Lx, Tx, ex

0       100000  1411    0.01411 0.98589 99295   6342183 63.42
1       98589   203     0.00206 0.99794 98488   6242888 63.32
2       98386   108     0.00110 0.99890 98332   6144401 62.45
3       98278   76      0.00077 0.99923 98240   6046069 61.52
4       98202   71      0.00072 0.99928 98167   5947829 60.57
5       98131   63      0.00065 0.99935 98099   5849662 59.61
6       98068   51      0.00052 0.99948 98042   5751564 58.65
7       98017   50      0.00051 0.99949 97992   5653522 57.68
8       97967   55      0.00056 0.99944 97939   5555529 56.71
9       97912   40      0.00041 0.99959 97891   5457590 55.74
10      97872   42      0.00043 0.99957 97851   5359699 54.76
11      97830   45      0.00046 0.99954 97808   5261848 53.79
12      97785   48      0.00049 0.99951 97761   5164040 52.81
13      97737   51      0.00053 0.99947 97712   5066279 51.84
14      97686   66      0.00068 0.99932 97655   4968566 50.86
15      97620   90      0.00092 0.99908 97577   4870912 49.90
16      97530   123     0.00126 0.99874 97472   4773334 48.94
17      97407   172     0.00176 0.99824 97325   4675863 48.00
18      97235   217     0.00223 0.99777 97129   4578538 47.09
19      97018   240     0.00247 0.99753 96901   4481408 46.19
20      96778   286     0.00295 0.99705 96638   4384507 45.30
21      96492   320     0.00331 0.99669 96333   4287869 44.44
22      96172   321     0.00334 0.99666 96012   4191536 43.58
23      95851   343     0.00357 0.99643 95681   4095523 42.73
24      95508   367     0.00384 0.99616 95326   3999842 41.88
25      95141   380     0.00399 0.99601 94952   3904516 41.04
26      94761   398     0.00420 0.99580 94564   3809563 40.20
27      94363   416     0.00441 0.99559 94156   3715000 39.37
28      93947   422     0.00449 0.99551 93737   3620844 38.54
29      93525   450     0.00481 0.99519 93302   3527107 37.71
30      93075   458     0.00492 0.99508 92846   3433805 36.89
31      92617   459     0.00496 0.99504 92388   3340959 36.07
32      92158   474     0.00514 0.99486 91924   3248570 35.25
33      91684   532     0.00580 0.99420 91421   3156646 34.43
34      91152   543     0.00595 0.99405 90881   3065226 33.63
35      90609   549     0.00606 0.99394 90336   2974344 32.83
36      90060   574     0.00637 0.99363 89776   2884009 32.02
37      89486   621     0.00694 0.99306 89178   2794233 31.23
38      88865   644     0.00725 0.99275 88546   2705054 30.44
39      88221   693     0.00786 0.99214 87879   2616508 29.66
40      87528   740     0.00846 0.99154 87160   2528630 28.89
41      86788   752     0.00867 0.99133 86415   2441469 28.13
42      86036   809     0.00941 0.99059 85636   2355054 27.37
43      85227   858     0.01007 0.98993 84803   2269418 26.63
44      84369   926     0.01098 0.98902 83910   2184616 25.89
45      83443   954     0.01143 0.98857 82969   2100706 25.18
46      82489   994     0.01205 0.98795 81998   2017737 24.46
47      81495   1102    0.01352 0.98648 80950   1935738 23.75
48      80393   1145    0.01424 0.98576 79825   1854788 23.07
49      79248   1220    0.01539 0.98461 78643   1774963 22.40
50      78028   1266    0.01623 0.98377 77401   1696320 21.74
51      76762   1353    0.01762 0.98238 76090   1618919 21.09
52      75409   1366    0.01811 0.98189 74731   1542830 20.46
53      74043   1464    0.01977 0.98023 73320   1468099 19.83
54      72579   1583    0.02181 0.97819 71789   1394779 19.22
55      70996   1497    0.02109 0.97891 70256   1322990 18.63
56      69499   1781    0.02563 0.97437 68612   1252734 18.03
57      67718   1572    0.02321 0.97679 66930   1184123 17.49
58      66146   1735    0.02623 0.97377 65286   1117193 16.89
59      64411   1759    0.02730 0.97270 63527   1051906 16.33
60      62652   1619    0.02585 0.97415 61853   988380  15.78
61      61033   2014    0.03300 0.96700 60035   926526  15.18
62      59019   1839    0.03116 0.96884 58093   866491  14.68
63      57180   1854    0.03242 0.96758 56258   808398  14.14
64      55326   1956    0.03536 0.96464 54348   752141  13.59
65      53370   1848    0.03462 0.96538 52446   697793  13.07
66      51522   1964    0.03811 0.96189 50548   645347  12.53
67      49558   2046    0.04129 0.95871 48539   594798  12.00
68      47512   2061    0.04338 0.95662 46481   546259  11.50
69      45451   2043    0.04496 0.95504 44431   499778  11.00
70      43408   2091    0.04817 0.95183 42369   455347  10.49
71      41317   2192    0.05304 0.94696 40224   412978  10.00
72      39125   2168    0.05540 0.94460 38042   372754  9.53
73      36957   2224    0.06018 0.93982 35847   334712  9.06
74      34733   2214    0.06375 0.93625 33628   298865  8.60
75      32519   2282    0.07018 0.92982 31378   265237  8.16
76      30237   2208    0.07301 0.92699 29130   233859  7.73
77      28029   2201    0.07853 0.92147 26926   204729  7.30
78      25828   2159    0.08361 0.91639 24751   177803  6.88
79      23669   2267    0.09578 0.90422 22531   153051  6.47
80      21402   2055    0.09600 0.90400 20368   130520  6.10
81      19347   2116    0.10935 0.89065 18289   110152  5.69
82      17231   2054    0.11919 0.88081 16199   91863   5.33
83      15177   1990    0.13111 0.86889 14177   75664   4.99
84      13187   1945    0.14748 0.85252 12203   61487   4.66
85      11242   1716    0.15268 0.84732 10370   49284   4.38
86      9526    1612    0.16919 0.83081 8709    38914   4.08
87      7914    1444    0.18244 0.81756 7180    30205   3.82
88      6470    1314    0.20316 0.79684 5801    23025   3.56
89      5156    1149    0.22292 0.77708 4561    17225   3.34
90      4007    831     0.20740 0.79260 3577    12663   3.16
91      3176    807     0.25394 0.74606 2762    9086    2.86
92      2369    570     0.24059 0.75941 2074    6324    2.67
93      1799    563     0.31316 0.68684 1511    4251    2.36
94      1236    415     0.33551 0.66449 1017    2740    2.22
95      821     293     0.35657 0.64343 665     1722    2.10
96      528     189     0.35836 0.64164 426     1057    2.00
97      339     118     0.34687 0.65313 276     631     1.86
98      221     84      0.38043 0.61957 176     355     1.61
99      137     52      0.38034 0.61966 109     179     1.31
100     85      26      0.30551 0.69449 71      71      0.83
