# # Таблица построена модулем rtss.rosbris1959.ExportMortalityTables по данным в РосБРИС для РСФСР 2003
# Возраст в годах, Числа доживающих до возраста х лет, Числа умирающих при переходе от возраста x к возрасту х+1 лет, Вероятность умереть в течение предстоящего года жизни, Вероятность дожить до возраста х+1 лет, Числа живущих в возрасте х лет, Числа прожитых человеколет, Средняя продолжительность предстоящей жизни
# x, lx, dx, qx, px, Lx, Tx, ex

0       100000  1223    0.01223 0.98777 99389   7086089 70.86
1       98777   182     0.00184 0.99816 98686   6986701 70.73
2       98595   90      0.00092 0.99908 98550   6888015 69.86
3       98505   61      0.00062 0.99938 98475   6789465 68.93
4       98444   58      0.00059 0.99941 98415   6690990 67.97
5       98386   56      0.00057 0.99943 98357   6592575 67.01
6       98330   35      0.00035 0.99965 98312   6494218 66.05
7       98295   38      0.00039 0.99961 98276   6395906 65.07
8       98257   45      0.00046 0.99954 98234   6297630 64.09
9       98212   29      0.00029 0.99971 98197   6199396 63.12
10      98183   33      0.00033 0.99967 98166   6101199 62.14
11      98150   26      0.00027 0.99973 98137   6003032 61.16
12      98124   31      0.00032 0.99968 98109   5904896 60.18
13      98093   35      0.00035 0.99965 98076   5806787 59.20
14      98058   47      0.00048 0.99952 98036   5708711 58.22
15      98011   60      0.00061 0.99939 97982   5610675 57.25
16      97951   70      0.00072 0.99928 97918   5512693 56.28
17      97881   97      0.00099 0.99901 97835   5414775 55.32
18      97784   125     0.00128 0.99872 97723   5316941 54.37
19      97659   123     0.00126 0.99874 97597   5219218 53.44
20      97536   116     0.00119 0.99881 97478   5121621 52.51
21      97420   127     0.00130 0.99870 97357   5024143 51.57
22      97293   124     0.00128 0.99872 97232   4926786 50.64
23      97169   139     0.00143 0.99857 97101   4829554 49.70
24      97030   153     0.00158 0.99842 96954   4732454 48.77
25      96877   155     0.00160 0.99840 96800   4635500 47.85
26      96722   161     0.00166 0.99834 96642   4538700 46.93
27      96561   167     0.00173 0.99827 96478   4442058 46.00
28      96394   179     0.00186 0.99814 96305   4345580 45.08
29      96215   185     0.00192 0.99808 96123   4249274 44.16
30      96030   191     0.00199 0.99801 95935   4153151 43.25
31      95839   197     0.00206 0.99794 95741   4057216 42.33
32      95642   206     0.00215 0.99785 95540   3961475 41.42
33      95436   219     0.00229 0.99771 95328   3865935 40.51
34      95217   245     0.00257 0.99743 95095   3770607 39.60
35      94972   230     0.00242 0.99758 94857   3675512 38.70
36      94742   256     0.00271 0.99729 94616   3580655 37.79
37      94486   273     0.00289 0.99711 94351   3486039 36.89
38      94213   287     0.00304 0.99696 94071   3391688 36.00
39      93926   316     0.00337 0.99663 93770   3297617 35.11
40      93610   336     0.00359 0.99641 93444   3203847 34.23
41      93274   355     0.00380 0.99620 93099   3110403 33.35
42      92919   390     0.00420 0.99580 92726   3017304 32.47
43      92529   409     0.00442 0.99558 92327   2924578 31.61
44      92120   440     0.00478 0.99522 91903   2832252 30.75
45      91680   484     0.00528 0.99472 91441   2740348 29.89
46      91196   513     0.00563 0.99437 90943   2648907 29.05
47      90683   569     0.00628 0.99372 90402   2557964 28.21
48      90114   587     0.00652 0.99348 89825   2467563 27.38
49      89527   674     0.00753 0.99247 89195   2377738 26.56
50      88853   702     0.00790 0.99210 88507   2288543 25.76
51      88151   793     0.00899 0.99101 87759   2200036 24.96
52      87358   818     0.00936 0.99064 86953   2112277 24.18
53      86540   897     0.01036 0.98964 86098   2025323 23.40
54      85643   978     0.01142 0.98858 85159   1939225 22.64
55      84665   1007    0.01190 0.98810 84173   1854067 21.90
56      83658   1247    0.01490 0.98510 83038   1769894 21.16
57      82411   1087    0.01319 0.98681 81867   1686856 20.47
58      81324   1239    0.01524 0.98476 80713   1604989 19.74
59      80085   1284    0.01603 0.98397 79440   1524276 19.03
60      78801   1163    0.01476 0.98524 78226   1444836 18.34
61      77638   1436    0.01850 0.98150 76928   1366611 17.60
62      76202   1360    0.01785 0.98215 75520   1289682 16.92
63      74842   1394    0.01862 0.98138 74153   1214162 16.22
64      73448   1551    0.02112 0.97888 72678   1140009 15.52
65      71897   1531    0.02130 0.97870 71137   1067331 14.85
66      70366   1675    0.02380 0.97620 69542   996194  14.16
67      68691   1861    0.02710 0.97290 67773   926652  13.49
68      66830   1971    0.02949 0.97051 65851   858879  12.85
69      64859   2012    0.03102 0.96898 63858   793028  12.23
70      62847   2099    0.03341 0.96659 61810   729170  11.60
71      60748   2306    0.03795 0.96205 59606   667360  10.99
72      58442   2364    0.04044 0.95956 57269   607754  10.40
73      56078   2524    0.04501 0.95499 54828   550485  9.82
74      53554   2647    0.04942 0.95058 52243   495657  9.26
75      50907   2818    0.05535 0.94465 49510   443415  8.71
76      48089   2931    0.06094 0.93906 46633   393905  8.19
77      45158   3055    0.06765 0.93235 43639   347272  7.69
78      42103   3128    0.07429 0.92571 40551   303633  7.21
79      38975   3342    0.08576 0.91424 37304   263082  6.75
80      35633   3126    0.08772 0.91228 34069   225778  6.34
81      32507   3311    0.10187 0.89813 30856   191709  5.90
82      29196   3232    0.11071 0.88929 27576   160853  5.51
83      25964   3204    0.12339 0.87661 24362   133278  5.13
84      22760   3228    0.14181 0.85819 21131   108916  4.79
85      19532   2846    0.14568 0.85432 18088   87785   4.49
86      16686   2714    0.16265 0.83735 15314   69697   4.18
87      13972   2475    0.17717 0.82283 12716   54384   3.89
88      11497   2273    0.19769 0.80231 10341   41668   3.62
89      9224    2014    0.21836 0.78164 8183    31326   3.40
90      7210    1446    0.20057 0.79943 6463    23144   3.21
91      5764    1439    0.24967 0.75033 5027    16681   2.89
92      4325    1018    0.23532 0.76468 3799    11654   2.69
93      3307    1031    0.31182 0.68818 2781    7855    2.38
94      2276    758     0.33293 0.66707 1877    5074    2.23
95      1518    540     0.35603 0.64397 1231    3198    2.11
96      978     346     0.35418 0.64582 792     1967    2.01
97      632     220     0.34889 0.65111 514     1175    1.86
98      412     159     0.38621 0.61379 327     661     1.60
99      253     94      0.37199 0.62801 201     334     1.32
100     159     48      0.30380 0.69620 133     133     0.83
