# # Таблица построена модулем rtss.rosbris1959.ExportMortalityTables по данным в РосБРИС для РСФСР 1995
# Возраст в годах, Числа доживающих до возраста х лет, Числа умирающих при переходе от возраста x к возрасту х+1 лет, Вероятность умереть в течение предстоящего года жизни, Вероятность дожить до возраста х+1 лет, Числа живущих в возрасте х лет, Числа прожитых человеколет, Средняя продолжительность предстоящей жизни
# x, lx, dx, qx, px, Lx, Tx, ex

0       100000  1526    0.01526 0.98474 99237   7161868 71.62
1       98474   172     0.00175 0.99825 98388   7062631 71.72
2       98302   89      0.00091 0.99909 98258   6964243 70.85
3       98213   71      0.00072 0.99928 98178   6865986 69.91
4       98142   61      0.00062 0.99938 98112   6767808 68.96
5       98081   52      0.00053 0.99947 98054   6669697 68.00
6       98029   44      0.00044 0.99956 98006   6571642 67.04
7       97985   39      0.00040 0.99960 97965   6473636 66.07
8       97946   37      0.00038 0.99962 97927   6375671 65.09
9       97909   34      0.00035 0.99965 97892   6277743 64.12
10      97875   32      0.00032 0.99968 97859   6179852 63.14
11      97843   30      0.00031 0.99969 97828   6081993 62.16
12      97813   32      0.00033 0.99967 97797   5984165 61.18
13      97781   39      0.00039 0.99961 97762   5886367 60.20
14      97742   49      0.00050 0.99950 97718   5788605 59.22
15      97693   59      0.00061 0.99939 97665   5690887 58.25
16      97634   83      0.00085 0.99915 97594   5593222 57.29
17      97551   83      0.00085 0.99915 97510   5495628 56.34
18      97468   94      0.00096 0.99904 97422   5398118 55.38
19      97374   96      0.00099 0.99901 97326   5300697 54.44
20      97278   101     0.00104 0.99896 97227   5203371 53.49
21      97177   93      0.00096 0.99904 97131   5106143 52.54
22      97084   104     0.00107 0.99893 97032   5009013 51.59
23      96980   99      0.00102 0.99898 96931   4911980 50.65
24      96881   108     0.00111 0.99889 96828   4815050 49.70
25      96773   119     0.00123 0.99877 96714   4718222 48.76
26      96654   114     0.00118 0.99882 96597   4621508 47.81
27      96540   119     0.00124 0.99876 96481   4524911 46.87
28      96421   129     0.00133 0.99867 96357   4428430 45.93
29      96292   134     0.00139 0.99861 96226   4332073 44.99
30      96158   156     0.00163 0.99837 96081   4235847 44.05
31      96002   153     0.00159 0.99841 95926   4139766 43.12
32      95849   165     0.00172 0.99828 95767   4043840 42.19
33      95684   172     0.00179 0.99821 95599   3948073 41.26
34      95512   192     0.00201 0.99799 95418   3852474 40.33
35      95320   214     0.00225 0.99775 95214   3757056 39.42
36      95106   224     0.00236 0.99764 94995   3661842 38.50
37      94882   241     0.00254 0.99746 94763   3566846 37.59
38      94641   251     0.00265 0.99735 94517   3472084 36.69
39      94390   276     0.00293 0.99707 94255   3377567 35.78
40      94114   320     0.00340 0.99660 93956   3283312 34.89
41      93794   332     0.00354 0.99646 93630   3189356 34.00
42      93462   356     0.00381 0.99619 93286   3095726 33.12
43      93106   387     0.00416 0.99584 92915   3002440 32.25
44      92719   411     0.00444 0.99556 92517   2909525 31.38
45      92308   467     0.00506 0.99494 92079   2817008 30.52
46      91841   511     0.00556 0.99444 91586   2724930 29.67
47      91330   486     0.00532 0.99468 91091   2633343 28.83
48      90844   616     0.00678 0.99322 90540   2542252 27.98
49      90228   588     0.00652 0.99348 89939   2451712 27.17
50      89640   729     0.00813 0.99187 89279   2361773 26.35
51      88911   681     0.00766 0.99234 88567   2272494 25.56
52      88230   637     0.00722 0.99278 87917   2183927 24.75
53      87593   817     0.00933 0.99067 87190   2096010 23.93
54      86776   770     0.00887 0.99113 86393   2008820 23.15
55      86006   864     0.01004 0.98996 85581   1922427 22.35
56      85142   932     0.01094 0.98906 84678   1836846 21.57
57      84210   905     0.01075 0.98925 83761   1752168 20.81
58      83305   1024    0.01230 0.98770 82801   1668407 20.03
59      82281   1092    0.01328 0.98672 81743   1585606 19.27
60      81189   1214    0.01495 0.98505 80587   1503863 18.52
61      79975   1209    0.01511 0.98489 79375   1423276 17.80
62      78766   1317    0.01672 0.98328 78116   1343902 17.06
63      77449   1420    0.01833 0.98167 76746   1265785 16.34
64      76029   1488    0.01957 0.98043 75292   1189039 15.64
65      74541   1597    0.02143 0.97857 73751   1113747 14.94
66      72944   1699    0.02329 0.97671 72105   1039995 14.26
67      71245   1852    0.02599 0.97401 70328   967890  13.59
68      69393   1916    0.02761 0.97239 68444   897562  12.93
69      67477   2058    0.03050 0.96950 66461   829119  12.29
70      65419   2220    0.03394 0.96606 64325   762658  11.66
71      63199   2448    0.03873 0.96127 61984   698333  11.05
72      60751   2446    0.04026 0.95974 59536   636348  10.47
73      58305   2651    0.04547 0.95453 56991   576812  9.89
74      55654   2728    0.04903 0.95097 54298   519821  9.34
75      52926   2840    0.05366 0.94634 51527   465523  8.80
76      50086   3239    0.06467 0.93533 48477   413996  8.27
77      46847   3088    0.06592 0.93408 45295   365519  7.80
78      43759   3050    0.06970 0.93030 42241   320224  7.32
79      40709   3259    0.08007 0.91993 39093   277982  6.83
80      37450   3382    0.09031 0.90969 35765   238889  6.38
81      34068   3411    0.10013 0.89987 32359   203124  5.96
82      30657   3306    0.10784 0.89216 29001   170764  5.57
83      27351   3335    0.12193 0.87807 25680   141764  5.18
84      24016   3226    0.13434 0.86566 22393   116083  4.83
85      20790   3094    0.14882 0.85118 19226   93690   4.51
86      17696   2809    0.15873 0.84127 16272   74465   4.21
87      14887   2627    0.17649 0.82351 13556   58193   3.91
88      12260   2397    0.19555 0.80445 11033   44636   3.64
89      9863    1948    0.19748 0.80252 8861    33603   3.41
90      7915    1725    0.21798 0.78202 7033    24742   3.13
91      6190    1491    0.24085 0.75915 5421    17709   2.86
92      4699    1164    0.24773 0.75227 4095    12288   2.61
93      3535    952     0.26925 0.73075 3046    8193    2.32
94      2583    863     0.33400 0.66600 2144    5147    1.99
95      1720    770     0.44767 0.55233 1312    3003    1.75
96      950     313     0.32965 0.67035 774     1691    1.78
97      637     300     0.47081 0.52919 481     917     1.44
98      337     166     0.49390 0.50610 245     436     1.29
99      171     84      0.49365 0.50635 124     191     1.12
100     87      34      0.38715 0.61285 67      67      0.77
