#
# Возрастная структура населения РСФСР для возрастов 10-20 лет по переписи 1959 года 
# c повышенным возрастным разрешением.

# Выдача из программы 1-R/census_1959.r для переписи РСФСР в 1959 году
#

9.000       2451702.015       2455379
9.010       2452833.428       2455379
9.020       2453932.479       2455379
9.030       2454999.169       2455379
9.040       2456033.498       2455379
9.050       2457035.466       2455379
9.060       2458005.073       2455379
9.070       2458942.318       2455379
9.080       2459847.203       2455379
9.090       2460719.727       2455379
9.100       2461559.889       2455379
9.110       2462367.690       2455379
9.120       2463143.130       2455379
9.130       2463886.209       2455379
9.140       2464596.927       2455379
9.150       2465275.284       2455379
9.160       2465921.279       2455379
9.170       2466534.914       2455379
9.180       2467116.187       2455379
9.190       2467665.099       2455379
9.200       2468181.651       2455379
9.210       2468665.841       2455379
9.220       2469117.670       2455379
9.230       2469537.137       2455379
9.240       2469924.244       2455379
9.250       2470278.990       2455379
9.260       2470601.374       2455379
9.270       2470891.397       2455379
9.280       2471149.059       2455379
9.290       2471374.361       2455379
9.300       2471567.301       2455379
9.310       2471727.879       2455379
9.320       2471856.097       2455379
9.330       2471951.954       2455379
9.340       2472015.449       2455379
9.350       2472046.584       2455379
9.360       2472045.357       2455379
9.370       2472011.769       2455379
9.380       2471945.820       2455379
9.390       2471847.510       2455379
9.400       2471716.839       2455379
9.410       2471553.806       2455379
9.420       2471358.413       2455379
9.430       2471130.658       2455379
9.440       2470870.542       2455379
9.450       2470578.066       2455379
9.460       2470253.228       2455379
9.470       2469896.029       2455379
9.480       2469506.468       2455379
9.490       2469084.547       2455379
9.500       2468630.265       2455379
9.510       2468143.621       2455379
9.520       2467624.617       2455379
9.530       2467073.251       2455379
9.540       2466489.524       2455379
9.550       2465873.436       2455379
9.560       2465224.987       2455379
9.570       2464544.176       2455379
9.580       2463831.005       2455379
9.590       2463085.473       2455379
9.600       2462307.579       2455379
9.610       2461497.324       2455379
9.620       2460654.708       2455379
9.630       2459779.731       2455379
9.640       2458872.393       2455379
9.650       2457932.694       2455379
9.660       2456960.634       2455379
9.670       2455956.212       2455379
9.680       2454919.430       2455379
9.690       2453850.286       2455379
9.700       2452748.781       2455379
9.710       2451614.916       2455379
9.720       2450448.689       2455379
9.730       2449250.100       2455379
9.740       2448019.151       2455379
9.750       2446755.841       2455379
9.760       2445460.169       2455379
9.770       2444132.137       2455379
9.780       2442771.743       2455379
9.790       2441378.988       2455379
9.800       2439953.872       2455379
9.810       2438496.395       2455379
9.820       2437006.557       2455379
9.830       2435484.357       2455379
9.840       2433929.797       2455379
9.850       2432342.875       2455379
9.860       2430723.593       2455379
9.870       2429071.949       2455379
9.880       2427387.944       2455379
9.890       2425671.578       2455379
9.900       2423922.851       2455379
9.910       2422141.762       2455379
9.920       2420328.313       2455379
9.930       2418482.502       2455379
9.940       2416604.331       2455379
9.950       2414693.798       2455379
9.960       2412750.904       2455379
9.970       2410775.649       2455379
9.980       2408768.033       2455379
9.990       2406728.056       2455379
10.000       2404658.254       2273515
10.010       2402568.777       2273515
10.020       2400462.160       2273515
10.030       2398338.404       2273515
10.040       2396197.509       2273515
10.050       2394039.474       2273515
10.060       2391864.301       2273515
10.070       2389671.988       2273515
10.080       2387462.536       2273515
10.090       2385235.945       2273515
10.100       2382992.214       2273515
10.110       2380731.344       2273515
10.120       2378453.335       2273515
10.130       2376158.187       2273515
10.140       2373845.900       2273515
10.150       2371516.473       2273515
10.160       2369169.907       2273515
10.170       2366806.202       2273515
10.180       2364425.358       2273515
10.190       2362027.374       2273515
10.200       2359612.252       2273515
10.210       2357179.990       2273515
10.220       2354730.589       2273515
10.230       2352264.048       2273515
10.240       2349780.369       2273515
10.250       2347279.550       2273515
10.260       2344761.592       2273515
10.270       2342226.495       2273515
10.280       2339674.258       2273515
10.290       2337104.883       2273515
10.300       2334518.368       2273515
10.310       2331914.714       2273515
10.320       2329293.920       2273515
10.330       2326655.988       2273515
10.340       2324000.916       2273515
10.350       2321328.705       2273515
10.360       2318639.355       2273515
10.370       2315932.866       2273515
10.380       2313209.237       2273515
10.390       2310468.469       2273515
10.400       2307710.562       2273515
10.410       2304935.516       2273515
10.420       2302143.330       2273515
10.430       2299334.006       2273515
10.440       2296507.542       2273515
10.450       2293663.938       2273515
10.460       2290803.196       2273515
10.470       2287925.315       2273515
10.480       2285030.294       2273515
10.490       2282118.134       2273515
10.500       2279188.834       2273515
10.510       2276242.396       2273515
10.520       2273278.818       2273515
10.530       2270298.102       2273515
10.540       2267300.245       2273515
10.550       2264285.250       2273515
10.560       2261253.116       2273515
10.570       2258203.842       2273515
10.580       2255137.429       2273515
10.590       2252053.877       2273515
10.600       2248953.185       2273515
10.610       2245835.355       2273515
10.620       2242700.385       2273515
10.630       2239548.276       2273515
10.640       2236379.027       2273515
10.650       2233192.640       2273515
10.660       2229989.113       2273515
10.670       2226768.447       2273515
10.680       2223530.642       2273515
10.690       2220275.698       2273515
10.700       2217003.614       2273515
10.710       2213714.391       2273515
10.720       2210408.029       2273515
10.730       2207084.528       2273515
10.740       2203743.888       2273515
10.750       2200386.108       2273515
10.760       2197011.189       2273515
10.770       2193619.131       2273515
10.780       2190209.934       2273515
10.790       2186783.597       2273515
10.800       2183340.121       2273515
10.810       2179879.506       2273515
10.820       2176401.752       2273515
10.830       2172906.859       2273515
10.840       2169394.826       2273515
10.850       2165865.654       2273515
10.860       2162319.343       2273515
10.870       2158755.893       2273515
10.880       2155175.304       2273515
10.890       2151577.575       2273515
10.900       2147962.707       2273515
10.910       2144330.700       2273515
10.920       2140681.553       2273515
10.930       2137015.268       2273515
10.940       2133331.843       2273515
10.950       2129631.279       2273515
10.960       2125913.576       2273515
10.970       2122178.733       2273515
10.980       2118426.752       2273515
10.990       2114657.631       2273515
11.000       2110887.651       2057696
11.010       2107181.936       2057696
11.020       2103556.766       2057696
11.030       2100012.141       2057696
11.040       2096548.061       2057696
11.050       2093164.526       2057696
11.060       2089861.535       2057696
11.070       2086639.090       2057696
11.080       2083497.190       2057696
11.090       2080435.835       2057696
11.100       2077455.025       2057696
11.110       2074554.759       2057696
11.120       2071735.039       2057696
11.130       2068995.864       2057696
11.140       2066337.234       2057696
11.150       2063759.148       2057696
11.160       2061261.608       2057696
11.170       2058844.613       2057696
11.180       2056508.162       2057696
11.190       2054252.257       2057696
11.200       2052076.897       2057696
11.210       2049982.081       2057696
11.220       2047967.811       2057696
11.230       2046034.086       2057696
11.240       2044180.905       2057696
11.250       2042408.270       2057696
11.260       2040716.180       2057696
11.270       2039104.634       2057696
11.280       2037573.634       2057696
11.290       2036123.178       2057696
11.300       2034753.268       2057696
11.310       2033463.902       2057696
11.320       2032255.082       2057696
11.330       2031126.807       2057696
11.340       2030079.076       2057696
11.350       2029111.891       2057696
11.360       2028225.250       2057696
11.370       2027419.155       2057696
11.380       2026693.604       2057696
11.390       2026048.598       2057696
11.400       2025484.138       2057696
11.410       2025000.222       2057696
11.420       2024596.852       2057696
11.430       2024274.026       2057696
11.440       2024031.746       2057696
11.450       2023870.010       2057696
11.460       2023788.819       2057696
11.470       2023788.174       2057696
11.480       2023868.073       2057696
11.490       2024028.517       2057696
11.500       2024269.507       2057696
11.510       2024591.041       2057696
11.520       2024993.120       2057696
11.530       2025475.745       2057696
11.540       2026038.914       2057696
11.550       2026682.628       2057696
11.560       2027406.888       2057696
11.570       2028211.692       2057696
11.580       2029097.041       2057696
11.590       2030062.935       2057696
11.600       2031109.375       2057696
11.610       2032236.359       2057696
11.620       2033443.888       2057696
11.630       2034731.962       2057696
11.640       2036100.581       2057696
11.650       2037549.746       2057696
11.660       2039079.455       2057696
11.670       2040689.709       2057696
11.680       2042380.508       2057696
11.690       2044151.852       2057696
11.700       2046003.741       2057696
11.710       2047936.175       2057696
11.720       2049949.154       2057696
11.730       2052042.678       2057696
11.740       2054216.748       2057696
11.750       2056471.362       2057696
11.760       2058806.521       2057696
11.770       2061222.225       2057696
11.780       2063718.474       2057696
11.790       2066295.268       2057696
11.800       2068952.607       2057696
11.810       2071690.491       2057696
11.820       2074508.920       2057696
11.830       2077407.894       2057696
11.840       2080387.413       2057696
11.850       2083447.477       2057696
11.860       2086588.086       2057696
11.870       2089809.239       2057696
11.880       2093110.938       2057696
11.890       2096493.182       2057696
11.900       2099955.971       2057696
11.910       2103499.305       2057696
11.920       2107123.184       2057696
11.930       2110827.608       2057696
11.940       2114612.577       2057696
11.950       2118478.091       2057696
11.960       2122424.149       2057696
11.970       2126450.753       2057696
11.980       2130557.902       2057696
11.990       2134745.596       2057696
12.000       2138970.423       2050408
12.010       2143058.740       2050408
12.020       2146967.135       2050408
12.030       2150695.607       2050408
12.040       2154244.157       2050408
12.050       2157612.785       2050408
12.060       2160801.491       2050408
12.070       2163810.275       2050408
12.080       2166639.137       2050408
12.090       2169288.076       2050408
12.100       2171757.094       2050408
12.110       2174046.189       2050408
12.120       2176155.362       2050408
12.130       2178084.613       2050408
12.140       2179833.942       2050408
12.150       2181403.349       2050408
12.160       2182792.833       2050408
12.170       2184002.396       2050408
12.180       2185032.036       2050408
12.190       2185881.754       2050408
12.200       2186551.550       2050408
12.210       2187041.424       2050408
12.220       2187351.376       2050408
12.230       2187481.405       2050408
12.240       2187431.513       2050408
12.250       2187201.698       2050408
12.260       2186791.961       2050408
12.270       2186202.302       2050408
12.280       2185432.721       2050408
12.290       2184483.218       2050408
12.300       2183353.793       2050408
12.310       2182044.445       2050408
12.320       2180555.176       2050408
12.330       2178885.984       2050408
12.340       2177036.870       2050408
12.350       2175007.834       2050408
12.360       2172798.876       2050408
12.370       2170409.995       2050408
12.380       2167841.193       2050408
12.390       2165092.468       2050408
12.400       2162163.821       2050408
12.410       2159055.253       2050408
12.420       2155766.762       2050408
12.430       2152298.348       2050408
12.440       2148650.013       2050408
12.450       2144821.756       2050408
12.460       2140813.576       2050408
12.470       2136625.474       2050408
12.480       2132257.451       2050408
12.490       2127709.505       2050408
12.500       2122981.636       2050408
12.510       2118073.846       2050408
12.520       2112986.134       2050408
12.530       2107718.499       2050408
12.540       2102270.943       2050408
12.550       2096643.464       2050408
12.560       2090836.063       2050408
12.570       2084848.740       2050408
12.580       2078681.495       2050408
12.590       2072334.327       2050408
12.600       2065807.238       2050408
12.610       2059100.226       2050408
12.620       2052213.292       2050408
12.630       2045146.436       2050408
12.640       2037899.658       2050408
12.650       2030472.958       2050408
12.660       2022866.336       2050408
12.670       2015079.791       2050408
12.680       2007113.325       2050408
12.690       1998966.936       2050408
12.700       1990640.625       2050408
12.710       1982134.392       2050408
12.720       1973448.237       2050408
12.730       1964582.160       2050408
12.740       1955536.160       2050408
12.750       1946310.239       2050408
12.760       1936904.395       2050408
12.770       1927318.629       2050408
12.780       1917552.941       2050408
12.790       1907607.331       2050408
12.800       1897481.799       2050408
12.810       1887176.344       2050408
12.820       1876690.968       2050408
12.830       1866025.669       2050408
12.840       1855180.448       2050408
12.850       1844155.305       2050408
12.860       1832950.240       2050408
12.870       1821565.253       2050408
12.880       1810000.344       2050408
12.890       1798255.512       2050408
12.900       1786330.758       2050408
12.910       1774226.083       2050408
12.920       1761941.485       2050408
12.930       1749476.965       2050408
12.940       1736832.522       2050408
12.950       1724008.158       2050408
12.960       1711003.872       2050408
12.970       1697819.663       2050408
12.980       1684455.532       2050408
12.990       1670911.479       2050408
13.000       1657239.916       1202123
13.010       1643650.486       1202123
13.020       1630195.602       1202123
13.030       1616875.263       1202123
13.040       1603689.469       1202123
13.050       1590638.221       1202123
13.060       1577721.518       1202123
13.070       1564939.361       1202123
13.080       1552291.748       1202123
13.090       1539778.682       1202123
13.100       1527400.160       1202123
13.110       1515156.184       1202123
13.120       1503046.754       1202123
13.130       1491071.868       1202123
13.140       1479231.528       1202123
13.150       1467525.734       1202123
13.160       1455954.485       1202123
13.170       1444517.781       1202123
13.180       1433215.622       1202123
13.190       1422048.009       1202123
13.200       1411014.941       1202123
13.210       1400116.419       1202123
13.220       1389352.442       1202123
13.230       1378723.010       1202123
13.240       1368228.124       1202123
13.250       1357867.783       1202123
13.260       1347641.987       1202123
13.270       1337550.737       1202123
13.280       1327594.032       1202123
13.290       1317771.873       1202123
13.300       1308084.259       1202123
13.310       1298531.190       1202123
13.320       1289112.667       1202123
13.330       1279828.689       1202123
13.340       1270679.256       1202123
13.350       1261664.369       1202123
13.360       1252784.027       1202123
13.370       1244038.230       1202123
13.380       1235426.979       1202123
13.390       1226950.273       1202123
13.400       1218608.113       1202123
13.410       1210400.497       1202123
13.420       1202327.428       1202123
13.430       1194388.903       1202123
13.440       1186584.924       1202123
13.450       1178915.491       1202123
13.460       1171380.602       1202123
13.470       1163980.259       1202123
13.480       1156714.462       1202123
13.490       1149583.210       1202123
13.500       1142586.503       1202123
13.510       1135724.341       1202123
13.520       1128996.725       1202123
13.530       1122403.654       1202123
13.540       1115945.129       1202123
13.550       1109621.149       1202123
13.560       1103431.714       1202123
13.570       1097376.825       1202123
13.580       1091456.481       1202123
13.590       1085670.682       1202123
13.600       1080019.429       1202123
13.610       1074502.721       1202123
13.620       1069120.559       1202123
13.630       1063872.942       1202123
13.640       1058759.870       1202123
13.650       1053781.344       1202123
13.660       1048937.362       1202123
13.670       1044227.927       1202123
13.680       1039653.036       1202123
13.690       1035212.692       1202123
13.700       1030906.892       1202123
13.710       1026735.638       1202123
13.720       1022698.929       1202123
13.730       1018796.765       1202123
13.740       1015029.147       1202123
13.750       1011396.074       1202123
13.760       1007897.547       1202123
13.770       1004533.565       1202123
13.780       1001304.128       1202123
13.790        998209.237       1202123
13.800        995248.891       1202123
13.810        992423.091       1202123
13.820        989731.835       1202123
13.830        987175.125       1202123
13.840        984752.961       1202123
13.850        982465.342       1202123
13.860        980312.268       1202123
13.870        978293.740       1202123
13.880        976409.757       1202123
13.890        974660.319       1202123
13.900        973045.427       1202123
13.910        971565.080       1202123
13.920        970219.278       1202123
13.930        969008.022       1202123
13.940        967931.311       1202123
13.950        966989.145       1202123
13.960        966181.525       1202123
13.970        965508.451       1202123
13.980        964969.921       1202123
13.990        964565.937       1202123
14.000        964270.779        917983
14.010        963981.568        917983
14.020        963672.585        917983
14.030        963343.829        917983
14.040        962995.301        917983
14.050        962627.001        917983
14.060        962238.928        917983
14.070        961831.083        917983
14.080        961403.466        917983
14.090        960956.077        917983
14.100        960488.915        917983
14.110        960001.981        917983
14.120        959495.274        917983
14.130        958968.795        917983
14.140        958422.544        917983
14.150        957856.521        917983
14.160        957270.725        917983
14.170        956665.157        917983
14.180        956039.817        917983
14.190        955394.704        917983
14.200        954729.819        917983
14.210        954045.162        917983
14.220        953340.732        917983
14.230        952616.530        917983
14.240        951872.556        917983
14.250        951108.809        917983
14.260        950325.290        917983
14.270        949521.999        917983
14.280        948698.936        917983
14.290        947856.100        917983
14.300        946993.492        917983
14.310        946111.111        917983
14.320        945208.958        917983
14.330        944287.033        917983
14.340        943345.336        917983
14.350        942383.866        917983
14.360        941402.624        917983
14.370        940401.610        917983
14.380        939380.823        917983
14.390        938340.264        917983
14.400        937279.933        917983
14.410        936199.829        917983
14.420        935099.953        917983
14.430        933980.305        917983
14.440        932840.884        917983
14.450        931681.691        917983
14.460        930502.726        917983
14.470        929303.989        917983
14.480        928085.479        917983
14.490        926847.197        917983
14.500        925589.142        917983
14.510        924311.315        917983
14.520        923013.716        917983
14.530        921696.345        917983
14.540        920359.201        917983
14.550        919002.285        917983
14.560        917625.597        917983
14.570        916229.136        917983
14.580        914812.903        917983
14.590        913376.898        917983
14.600        911921.120        917983
14.610        910445.570        917983
14.620        908950.248        917983
14.630        907435.153        917983
14.640        905900.287        917983
14.650        904345.647        917983
14.660        902771.236        917983
14.670        901177.052        917983
14.680        899563.096        917983
14.690        897929.367        917983
14.700        896275.867        917983
14.710        894602.594        917983
14.720        892909.548        917983
14.730        891196.730        917983
14.740        889464.140        917983
14.750        887711.778        917983
14.760        885939.643        917983
14.770        884147.736        917983
14.780        882336.057        917983
14.790        880504.605        917983
14.800        878653.381        917983
14.810        876782.385        917983
14.820        874891.617        917983
14.830        872981.076        917983
14.840        871050.763        917983
14.850        869100.677        917983
14.860        867130.819        917983
14.870        865141.189        917983
14.880        863131.787        917983
14.890        861102.612        917983
14.900        859053.665        917983
14.910        856984.945        917983
14.920        854896.454        917983
14.930        852788.189        917983
14.940        850660.153        917983
14.950        848512.344        917983
14.960        846344.763        917983
14.970        844157.410        917983
14.980        841950.285        917983
14.990        839723.387        917983
15.000        837489.854        824692
15.010        835302.237        824692
15.020        833173.673        824692
15.030        831104.163        824692
15.040        829093.706        824692
15.050        827142.302        824692
15.060        825249.952        824692
15.070        823416.655        824692
15.080        821642.411        824692
15.090        819927.220        824692
15.100        818271.083        824692
15.110        816673.999        824692
15.120        815135.968        824692
15.130        813656.991        824692
15.140        812237.067        824692
15.150        810876.196        824692
15.160        809574.379        824692
15.170        808331.614        824692
15.180        807147.904        824692
15.190        806023.246        824692
15.200        804957.642        824692
15.210        803951.091        824692
15.220        803003.593        824692
15.230        802115.149        824692
15.240        801285.758        824692
15.250        800515.420        824692
15.260        799804.135        824692
15.270        799151.904        824692
15.280        798558.726        824692
15.290        798024.602        824692
15.300        797549.531        824692
15.310        797133.513        824692
15.320        796776.548        824692
15.330        796478.637        824692
15.340        796239.779        824692
15.350        796059.974        824692
15.360        795939.222        824692
15.370        795877.524        824692
15.380        795874.879        824692
15.390        795931.288        824692
15.400        796046.749        824692
15.410        796221.264        824692
15.420        796454.833        824692
15.430        796747.454        824692
15.440        797099.129        824692
15.450        797509.857        824692
15.460        797979.639        824692
15.470        798508.474        824692
15.480        799096.362        824692
15.490        799743.303        824692
15.500        800449.298        824692
15.510        801214.346        824692
15.520        802038.447        824692
15.530        802921.602        824692
15.540        803863.810        824692
15.550        804865.071        824692
15.560        805925.386        824692
15.570        807044.754        824692
15.580        808223.175        824692
15.590        809460.649        824692
15.600        810757.177        824692
15.610        812112.758        824692
15.620        813527.392        824692
15.630        815001.080        824692
15.640        816533.821        824692
15.650        818125.615        824692
15.660        819776.462        824692
15.670        821486.363        824692
15.680        823255.317        824692
15.690        825083.325        824692
15.700        826970.385        824692
15.710        828916.499        824692
15.720        830921.667        824692
15.730        832985.887        824692
15.740        835109.161        824692
15.750        837291.488        824692
15.760        839532.869        824692
15.770        841833.303        824692
15.780        844192.790        824692
15.790        846611.330        824692
15.800        849088.924        824692
15.810        851625.571        824692
15.820        854221.271        824692
15.830        856876.025        824692
15.840        859589.832        824692
15.850        862362.692        824692
15.860        865194.606        824692
15.870        868085.572        824692
15.880        871035.592        824692
15.890        874044.666        824692
15.900        877112.793        824692
15.910        880239.973        824692
15.920        883426.206        824692
15.930        886671.492        824692
15.940        889975.832        824692
15.950        893339.226        824692
15.960        896761.672        824692
15.970        900243.172        824692
15.980        903783.725        824692
15.990        907383.331        824692
16.000        911046.206       1232709
16.010        914789.210       1232709
16.020        918616.557       1232709
16.030        922528.249       1232709
16.040        926524.284       1232709
16.050        930604.663       1232709
16.060        934769.387       1232709
16.070        939018.454       1232709
16.080        943351.865       1232709
16.090        947769.620       1232709
16.100        952271.719       1232709
16.110        956858.161       1232709
16.120        961528.948       1232709
16.130        966284.079       1232709
16.140        971123.553       1232709
16.150        976047.372       1232709
16.160        981055.534       1232709
16.170        986148.040       1232709
16.180        991324.891       1232709
16.190        996586.085       1232709
16.200       1001931.623       1232709
16.210       1007361.505       1232709
16.220       1012875.731       1232709
16.230       1018474.301       1232709
16.240       1024157.214       1232709
16.250       1029924.472       1232709
16.260       1035776.073       1232709
16.270       1041712.019       1232709
16.280       1047732.308       1232709
16.290       1053836.942       1232709
16.300       1060025.919       1232709
16.310       1066299.240       1232709
16.320       1072656.905       1232709
16.330       1079098.914       1232709
16.340       1085625.267       1232709
16.350       1092235.964       1232709
16.360       1098931.004       1232709
16.370       1105710.389       1232709
16.380       1112574.118       1232709
16.390       1119522.190       1232709
16.400       1126554.607       1232709
16.410       1133671.367       1232709
16.420       1140872.471       1232709
16.430       1148157.919       1232709
16.440       1155527.711       1232709
16.450       1162981.847       1232709
16.460       1170520.327       1232709
16.470       1178143.151       1232709
16.480       1185850.319       1232709
16.490       1193641.831       1232709
16.500       1201517.686       1232709
16.510       1209477.886       1232709
16.520       1217522.429       1232709
16.530       1225651.316       1232709
16.540       1233864.548       1232709
16.550       1242162.123       1232709
16.560       1250544.042       1232709
16.570       1259010.305       1232709
16.580       1267560.912       1232709
16.590       1276195.863       1232709
16.600       1284915.157       1232709
16.610       1293718.796       1232709
16.620       1302606.779       1232709
16.630       1311579.105       1232709
16.640       1320635.776       1232709
16.650       1329776.790       1232709
16.660       1339002.148       1232709
16.670       1348311.850       1232709
16.680       1357705.896       1232709
16.690       1367184.286       1232709
16.700       1376747.020       1232709
16.710       1386394.098       1232709
16.720       1396125.520       1232709
16.730       1405941.286       1232709
16.740       1415841.395       1232709
16.750       1425825.849       1232709
16.760       1435894.646       1232709
16.770       1446047.788       1232709
16.780       1456285.273       1232709
16.790       1466607.102       1232709
16.800       1477013.275       1232709
16.810       1487503.792       1232709
16.820       1498078.653       1232709
16.830       1508737.858       1232709
16.840       1519481.407       1232709
16.850       1530309.300       1232709
16.860       1541221.536       1232709
16.870       1552218.117       1232709
16.880       1563299.041       1232709
16.890       1574464.309       1232709
16.900       1585713.922       1232709
16.910       1597047.878       1232709
16.920       1608466.178       1232709
16.930       1619968.822       1232709
16.940       1631555.810       1232709
16.950       1643227.142       1232709
16.960       1654982.818       1232709
16.970       1666822.837       1232709
16.980       1678747.201       1232709
16.990       1690755.909       1232709
17.000       1702814.041       2092825
17.010       1714781.923       2092825
17.020       1726624.635       2092825
17.030       1738342.178       2092825
17.040       1749934.551       2092825
17.050       1761401.755       2092825
17.060       1772743.789       2092825
17.070       1783960.653       2092825
17.080       1795052.348       2092825
17.090       1806018.874       2092825
17.100       1816860.229       2092825
17.110       1827576.416       2092825
17.120       1838167.432       2092825
17.130       1848633.279       2092825
17.140       1858973.957       2092825
17.150       1869189.465       2092825
17.160       1879279.803       2092825
17.170       1889244.972       2092825
17.180       1899084.971       2092825
17.190       1908799.801       2092825
17.200       1918389.461       2092825
17.210       1927853.951       2092825
17.220       1937193.272       2092825
17.230       1946407.423       2092825
17.240       1955496.405       2092825
17.250       1964460.217       2092825
17.260       1973298.860       2092825
17.270       1982012.333       2092825
17.280       1990600.637       2092825
17.290       1999063.771       2092825
17.300       2007401.735       2092825
17.310       2015614.530       2092825
17.320       2023702.155       2092825
17.330       2031664.611       2092825
17.340       2039501.897       2092825
17.350       2047214.013       2092825
17.360       2054800.960       2092825
17.370       2062262.738       2092825
17.380       2069599.345       2092825
17.390       2076810.784       2092825
17.400       2083897.052       2092825
17.410       2090858.151       2092825
17.420       2097694.081       2092825
17.430       2104404.841       2092825
17.440       2110990.431       2092825
17.450       2117450.852       2092825
17.460       2123786.103       2092825
17.470       2129996.185       2092825
17.480       2136081.097       2092825
17.490       2142040.839       2092825
17.500       2147875.412       2092825
17.510       2153584.816       2092825
17.520       2159169.050       2092825
17.530       2164628.114       2092825
17.540       2169962.009       2092825
17.550       2175170.734       2092825
17.560       2180254.289       2092825
17.570       2185212.675       2092825
17.580       2190045.892       2092825
17.590       2194753.938       2092825
17.600       2199336.816       2092825
17.610       2203794.523       2092825
17.620       2208127.061       2092825
17.630       2212334.430       2092825
17.640       2216416.629       2092825
17.650       2220373.658       2092825
17.660       2224205.518       2092825
17.670       2227912.208       2092825
17.680       2231493.729       2092825
17.690       2234950.080       2092825
17.700       2238281.262       2092825
17.710       2241487.274       2092825
17.720       2244568.116       2092825
17.730       2247523.789       2092825
17.740       2250354.292       2092825
17.750       2253059.626       2092825
17.760       2255639.790       2092825
17.770       2258094.785       2092825
17.780       2260424.610       2092825
17.790       2262629.265       2092825
17.800       2264708.751       2092825
17.810       2266663.067       2092825
17.820       2268492.214       2092825
17.830       2270196.191       2092825
17.840       2271774.999       2092825
17.850       2273228.637       2092825
17.860       2274557.105       2092825
17.870       2275760.404       2092825
17.880       2276838.533       2092825
17.890       2277791.493       2092825
17.900       2278619.283       2092825
17.910       2279321.904       2092825
17.920       2279899.355       2092825
17.930       2280351.636       2092825
17.940       2280678.748       2092825
17.950       2280880.690       2092825
17.960       2280957.463       2092825
17.970       2280909.066       2092825
17.980       2280735.500       2092825
17.990       2280436.764       2092825
18.000       2280038.410       2305946
18.010       2279642.641       2305946
18.020       2279275.011       2305946
18.030       2278935.517       2305946
18.040       2278624.161       2305946
18.050       2278340.942       2305946
18.060       2278085.861       2305946
18.070       2277858.917       2305946
18.080       2277660.110       2305946
18.090       2277489.441       2305946
18.100       2277346.909       2305946
18.110       2277232.514       2305946
18.120       2277146.257       2305946
18.130       2277088.137       2305946
18.140       2277058.155       2305946
18.150       2277056.310       2305946
18.160       2277082.602       2305946
18.170       2277137.032       2305946
18.180       2277219.599       2305946
18.190       2277330.303       2305946
18.200       2277469.145       2305946
18.210       2277636.124       2305946
18.220       2277831.240       2305946
18.230       2278054.494       2305946
18.240       2278305.885       2305946
18.250       2278585.414       2305946
18.260       2278893.080       2305946
18.270       2279228.883       2305946
18.280       2279592.824       2305946
18.290       2279984.901       2305946
18.300       2280405.117       2305946
18.310       2280853.470       2305946
18.320       2281329.960       2305946
18.330       2281834.587       2305946
18.340       2282367.352       2305946
18.350       2282928.254       2305946
18.360       2283517.293       2305946
18.370       2284134.470       2305946
18.380       2284779.785       2305946
18.390       2285453.236       2305946
18.400       2286154.825       2305946
18.410       2286884.551       2305946
18.420       2287642.415       2305946
18.430       2288428.416       2305946
18.440       2289242.555       2305946
18.450       2290084.830       2305946
18.460       2290955.244       2305946
18.470       2291853.794       2305946
18.480       2292780.482       2305946
18.490       2293735.307       2305946
18.500       2294718.270       2305946
18.510       2295729.370       2305946
18.520       2296768.607       2305946
18.530       2297835.982       2305946
18.540       2298931.494       2305946
18.550       2300055.143       2305946
18.560       2301206.930       2305946
18.570       2302386.854       2305946
18.580       2303594.915       2305946
18.590       2304831.114       2305946
18.600       2306095.451       2305946
18.610       2307387.924       2305946
18.620       2308708.535       2305946
18.630       2310057.283       2305946
18.640       2311434.169       2305946
18.650       2312839.192       2305946
18.660       2314272.352       2305946
18.670       2315733.650       2305946
18.680       2317223.085       2305946
18.690       2318740.658       2305946
18.700       2320286.368       2305946
18.710       2321860.215       2305946
18.720       2323462.199       2305946
18.730       2325092.321       2305946
18.740       2326750.581       2305946
18.750       2328436.977       2305946
18.760       2330151.511       2305946
18.770       2331894.183       2305946
18.780       2333664.992       2305946
18.790       2335463.938       2305946
18.800       2337291.021       2305946
18.810       2339146.242       2305946
18.820       2341029.600       2305946
18.830       2342941.096       2305946
18.840       2344880.729       2305946
18.850       2346848.499       2305946
18.860       2348844.407       2305946
18.870       2350868.452       2305946
18.880       2352920.634       2305946
18.890       2355000.954       2305946
18.900       2357109.411       2305946
18.910       2359246.005       2305946
18.920       2361410.737       2305946
18.930       2363603.606       2305946
18.940       2365824.613       2305946
18.950       2368073.757       2305946
18.960       2370351.038       2305946
18.970       2372656.457       2305946
18.980       2374990.013       2305946
18.990       2377351.706       2305946
19.000       2379738.915       2518715
19.010       2382141.155       2518715
19.020       2384555.804       2518715
19.030       2386982.861       2518715
19.040       2389422.327       2518715
19.050       2391874.203       2518715
19.060       2394338.487       2518715
19.070       2396815.180       2518715
19.080       2399304.282       2518715
19.090       2401805.793       2518715
19.100       2404319.713       2518715
19.110       2406846.042       2518715
19.120       2409384.780       2518715
19.130       2411935.926       2518715
19.140       2414499.482       2518715
19.150       2417075.447       2518715
19.160       2419663.820       2518715
19.170       2422264.602       2518715
19.180       2424877.794       2518715
19.190       2427503.394       2518715
19.200       2430141.403       2518715
19.210       2432791.821       2518715
19.220       2435454.648       2518715
19.230       2438129.884       2518715
19.240       2440817.529       2518715
19.250       2443517.582       2518715
19.260       2446230.045       2518715
19.270       2448954.916       2518715
19.280       2451692.197       2518715
19.290       2454441.886       2518715
19.300       2457203.985       2518715
19.310       2459978.492       2518715
19.320       2462765.408       2518715
19.330       2465564.733       2518715
19.340       2468376.467       2518715
19.350       2471200.610       2518715
19.360       2474037.162       2518715
19.370       2476886.122       2518715
19.380       2479747.492       2518715
19.390       2482621.271       2518715
19.400       2485507.458       2518715
19.410       2488406.054       2518715
19.420       2491317.060       2518715
19.430       2494240.474       2518715
19.440       2497176.297       2518715
19.450       2500124.529       2518715
19.460       2503085.170       2518715
19.470       2506058.220       2518715
19.480       2509043.679       2518715
19.490       2512041.547       2518715
19.500       2515051.824       2518715
19.510       2518074.509       2518715
19.520       2521109.604       2518715
19.530       2524157.107       2518715
19.540       2527217.019       2518715
19.550       2530289.341       2518715
19.560       2533374.071       2518715
19.570       2536471.210       2518715
19.580       2539580.758       2518715
19.590       2542702.715       2518715
19.600       2545837.081       2518715
19.610       2548983.856       2518715
19.620       2552143.039       2518715
19.630       2555314.632       2518715
19.640       2558498.634       2518715
19.650       2561695.044       2518715
19.660       2564903.863       2518715
19.670       2568125.092       2518715
19.680       2571358.729       2518715
19.690       2574604.775       2518715
19.700       2577863.230       2518715
19.710       2581134.094       2518715
19.720       2584417.367       2518715
19.730       2587713.049       2518715
19.740       2591021.140       2518715
19.750       2594341.639       2518715
19.760       2597674.548       2518715
19.770       2601019.865       2518715
19.780       2604377.592       2518715
19.790       2607747.727       2518715
19.800       2611130.271       2518715
19.810       2614525.225       2518715
19.820       2617932.587       2518715
19.830       2621352.358       2518715
19.840       2624784.538       2518715
19.850       2628229.126       2518715
19.860       2631686.124       2518715
19.870       2635155.531       2518715
19.880       2638637.347       2518715
19.890       2642131.571       2518715
19.900       2645638.204       2518715
19.910       2649157.247       2518715
19.920       2652688.698       2518715
19.930       2656232.558       2518715
19.940       2659788.827       2518715
19.950       2663357.505       2518715
19.960       2666938.592       2518715
19.970       2670532.088       2518715
19.980       2674137.993       2518715
19.990       2677756.307       2518715
20.000       2681375.093       2762422
20.010       2684946.605       2762422
20.020       2688458.908       2762422
20.030       2691911.999       2762422
20.040       2695305.881       2762422
20.050       2698640.553       2762422
20.060       2701916.014       2762422
20.070       2705132.265       2762422
20.080       2708289.305       2762422
20.090       2711387.136       2762422
20.100       2714425.756       2762422
20.110       2717405.166       2762422
20.120       2720325.366       2762422
20.130       2723186.355       2762422
20.140       2725988.135       2762422
20.150       2728730.704       2762422
20.160       2731414.063       2762422
20.170       2734038.211       2762422
20.180       2736603.150       2762422
20.190       2739108.878       2762422
20.200       2741555.395       2762422
20.210       2743942.703       2762422
20.220       2746270.800       2762422
20.230       2748539.688       2762422
20.240       2750749.365       2762422
20.250       2752899.831       2762422
20.260       2754991.088       2762422
20.270       2757023.134       2762422
20.280       2758995.970       2762422
20.290       2760909.595       2762422
20.300       2762764.011       2762422
20.310       2764559.216       2762422
20.320       2766295.211       2762422
20.330       2767971.996       2762422
20.340       2769589.570       2762422
20.350       2771147.935       2762422
20.360       2772647.089       2762422
20.370       2774087.032       2762422
20.380       2775467.766       2762422
20.390       2776789.289       2762422
20.400       2778051.602       2762422
20.410       2779254.705       2762422
20.420       2780398.598       2762422
20.430       2781483.280       2762422
20.440       2782508.752       2762422
20.450       2783475.014       2762422
20.460       2784382.066       2762422
20.470       2785229.907       2762422
20.480       2786018.538       2762422
20.490       2786747.959       2762422
20.500       2787418.170       2762422
20.510       2788029.170       2762422
20.520       2788580.961       2762422
20.530       2789073.541       2762422
20.540       2789506.910       2762422
20.550       2789881.070       2762422
20.560       2790196.019       2762422
20.570       2790451.758       2762422
20.580       2790648.287       2762422
20.590       2790785.605       2762422
20.600       2790863.714       2762422
20.610       2790882.612       2762422
20.620       2790842.299       2762422
20.630       2790742.777       2762422
20.640       2790584.044       2762422
20.650       2790366.101       2762422
20.660       2790088.948       2762422
20.670       2789752.585       2762422
20.680       2789357.011       2762422
20.690       2788902.227       2762422
20.700       2788388.233       2762422
20.710       2787815.029       2762422
20.720       2787182.614       2762422
20.730       2786490.990       2762422
20.740       2785740.155       2762422
20.750       2784930.109       2762422
20.760       2784060.854       2762422
20.770       2783132.388       2762422
20.780       2782144.712       2762422
20.790       2781097.826       2762422
20.800       2779991.729       2762422
20.810       2778826.422       2762422
20.820       2777601.905       2762422
20.830       2776318.178       2762422
20.840       2774975.241       2762422
20.850       2773573.093       2762422
20.860       2772111.735       2762422
20.870       2770591.167       2762422
20.880       2769011.389       2762422
20.890       2767372.400       2762422
20.900       2765674.201       2762422
20.910       2763916.792       2762422
20.920       2762100.173       2762422
20.930       2760224.343       2762422
20.940       2758289.303       2762422
20.950       2756295.053       2762422
20.960       2754241.593       2762422
20.970       2752128.922       2762422
20.980       2749957.041       2762422
20.990       2747725.950       2762422