# # Таблица построена модулем rtss.rosbris1959.ExportMortalityTables по данным в РосБРИС для РСФСР 2014
# Возраст в годах, Числа доживающих до возраста х лет, Числа умирающих при переходе от возраста x к возрасту х+1 лет, Вероятность умереть в течение предстоящего года жизни, Вероятность дожить до возраста х+1 лет, Числа живущих в возрасте х лет, Числа прожитых человеколет, Средняя продолжительность предстоящей жизни
# x, lx, dx, qx, px, Lx, Tx, ex

0       100000  776     0.00776 0.99224 99612   6583486 65.83
1       99224   64      0.00064 0.99936 99192   6483874 65.35
2       99160   37      0.00038 0.99962 99142   6384682 64.39
3       99123   31      0.00032 0.99968 99108   6285540 63.41
4       99092   31      0.00031 0.99969 99077   6186433 62.43
5       99061   28      0.00028 0.99972 99047   6087356 61.45
6       99033   25      0.00025 0.99975 99020   5988310 60.47
7       99008   22      0.00022 0.99978 98997   5889289 59.48
8       98986   22      0.00022 0.99978 98975   5790292 58.50
9       98964   24      0.00024 0.99976 98952   5691317 57.51
10      98940   23      0.00023 0.99977 98929   5592365 56.52
11      98917   29      0.00030 0.99970 98903   5493437 55.54
12      98888   30      0.00030 0.99970 98873   5394534 54.55
13      98858   34      0.00034 0.99966 98842   5295661 53.57
14      98824   43      0.00043 0.99957 98803   5196819 52.59
15      98781   57      0.00057 0.99943 98754   5098016 51.61
16      98724   75      0.00076 0.99924 98688   4999262 50.64
17      98649   87      0.00089 0.99911 98607   4900574 49.68
18      98562   105     0.00106 0.99894 98511   4801967 48.72
19      98457   115     0.00116 0.99884 98401   4703457 47.77
20      98342   151     0.00153 0.99847 98269   4605055 46.83
21      98191   172     0.00175 0.99825 98106   4506786 45.90
22      98019   179     0.00182 0.99818 97931   4408680 44.98
23      97840   204     0.00208 0.99792 97740   4310749 44.06
24      97636   224     0.00230 0.99770 97526   4213009 43.15
25      97412   253     0.00260 0.99740 97289   4115483 42.25
26      97159   301     0.00310 0.99690 97012   4018195 41.36
27      96858   332     0.00342 0.99658 96694   3921183 40.48
28      96526   341     0.00353 0.99647 96357   3824489 39.62
29      96185   372     0.00387 0.99613 96004   3728132 38.76
30      95813   453     0.00473 0.99527 95592   3632128 37.91
31      95360   500     0.00524 0.99476 95114   3536537 37.09
32      94860   545     0.00574 0.99426 94590   3441423 36.28
33      94315   560     0.00594 0.99406 94037   3346833 35.49
34      93755   589     0.00628 0.99372 93465   3252796 34.69
35      93166   668     0.00717 0.99283 92837   3159331 33.91
36      92498   706     0.00763 0.99237 92147   3066494 33.15
37      91792   704     0.00767 0.99233 91440   2974347 32.40
38      91088   715     0.00785 0.99215 90730   2882907 31.65
39      90373   697     0.00771 0.99229 90026   2792177 30.90
40      89676   747     0.00833 0.99167 89304   2702151 30.13
41      88929   730     0.00820 0.99180 88564   2612847 29.38
42      88199   754     0.00855 0.99145 87823   2524283 28.62
43      87445   750     0.00858 0.99142 87069   2436460 27.86
44      86695   731     0.00843 0.99157 86332   2349391 27.10
45      85964   815     0.00948 0.99052 85562   2263059 26.33
46      85149   865     0.01016 0.98984 84721   2177497 25.57
47      84284   934     0.01108 0.98892 83819   2092775 24.83
48      83350   911     0.01093 0.98907 82896   2008956 24.10
49      82439   979     0.01188 0.98812 81957   1926060 23.36
50      81460   1093    0.01342 0.98658 80920   1844103 22.64
51      80367   1124    0.01398 0.98602 79808   1763183 21.94
52      79243   1170    0.01476 0.98524 78661   1683375 21.24
53      78073   1196    0.01532 0.98468 77480   1604714 20.55
54      76877   1279    0.01664 0.98336 76246   1527235 19.87
55      75598   1395    0.01845 0.98155 74908   1450989 19.19
56      74203   1467    0.01977 0.98023 73475   1376080 18.54
57      72736   1515    0.02083 0.97917 71984   1302606 17.91
58      71221   1602    0.02249 0.97751 70428   1230622 17.28
59      69619   1701    0.02443 0.97557 68778   1160194 16.66
60      67918   1832    0.02697 0.97303 67011   1091416 16.07
61      66086   1906    0.02884 0.97116 65141   1024405 15.50
62      64180   2025    0.03155 0.96845 63169   959264  14.95
63      62155   1936    0.03115 0.96885 61186   896096  14.42
64      60219   2007    0.03332 0.96668 59228   834909  13.86
65      58212   2243    0.03852 0.96148 57089   775681  13.33
66      55969   1972    0.03523 0.96477 54989   718592  12.84
67      53997   2377    0.04401 0.95599 52812   663603  12.29
68      51620   2055    0.03982 0.96018 50580   610792  11.83
69      49565   2068    0.04173 0.95827 48537   560212  11.30
70      47497   2210    0.04652 0.95348 46392   511674  10.77
71      45287   2068    0.04567 0.95433 44271   465282  10.27
72      43219   2638    0.06104 0.93896 41913   421012  9.74
73      40581   2375    0.05853 0.94147 39385   379099  9.34
74      38206   2430    0.06359 0.93641 37000   339714  8.89
75      35776   2591    0.07243 0.92757 34482   302714  8.46
76      33185   2454    0.07394 0.92606 31953   268233  8.08
77      30731   2465    0.08020 0.91980 29497   236280  7.69
78      28266   2406    0.08512 0.91488 27058   206783  7.32
79      25860   2335    0.09030 0.90970 24686   179726  6.95
80      23525   2240    0.09523 0.90477 22401   155040  6.59
81      21285   2235    0.10499 0.89501 20166   132639  6.23
82      19050   2201    0.11552 0.88448 17940   112473  5.90
83      16849   2006    0.11906 0.88094 15835   94533   5.61
84      14843   1936    0.13044 0.86956 13869   78698   5.30
85      12907   1864    0.14441 0.85559 11966   64829   5.02
86      11043   1712    0.15499 0.84501 10173   52864   4.79
87      9331    1522    0.16313 0.83687 8554    42691   4.58
88      7809    1328    0.17000 0.83000 7128    34137   4.37
89      6481    1118    0.17244 0.82756 5907    27009   4.17
90      5363    979     0.18249 0.81751 4861    21101   3.93
91      4384    819     0.18672 0.81328 3963    16240   3.70
92      3565    700     0.19634 0.80366 3205    12277   3.44
93      2865    575     0.20082 0.79918 2571    9073    3.17
94      2290    536     0.23386 0.76614 2018    6502    2.84
95      1754    489     0.27855 0.72145 1503    4484    2.56
96      1265    371     0.29328 0.70672 1069    2981    2.36
97      894     243     0.27192 0.72808 766     1912    2.14
98      651     207     0.31866 0.68134 544     1146    1.76
99      444     160     0.35960 0.64040 358     602     1.36
100     284     72      0.25219 0.74781 244     244     0.86
