# age, both genders, male, female

# Таблица построена дезагрегацией данных АДХ при помощи модуля rtss.data.population.synthetic.PopulationADH

0    739,809         369,023         370,786        
1    1,052,409       529,514         522,895        
2    1,365,010       690,006         675,004        
3    1,677,611       850,498         827,113        
4    1,990,212       1,010,990       979,222        
5    2,302,812       1,171,481       1,131,331      
6    2,606,411       1,325,919       1,280,492      
7    2,757,741       1,400,482       1,357,259      
8    2,740,807       1,386,966       1,353,841      
9    2,564,228       1,290,151       1,274,077      
10   2,169,790       1,080,254       1,089,536      
11   1,976,999       976,028         1,000,971      
12   1,897,115       930,510         966,605        
13   1,933,525       945,127         988,398        
14   2,081,570       1,017,081       1,064,489      
15   2,412,494       1,185,021       1,227,473      
16   2,587,567       1,263,336       1,324,231      
17   2,655,787       1,278,775       1,377,012      
18   2,608,406       1,227,185       1,381,221      
19   2,451,747       1,113,684       1,338,063      
20   2,160,157       922,638         1,237,519      
21   1,937,581       788,173         1,149,408      
22   1,742,085       680,656         1,061,429      
23   1,573,338       598,639         974,699        
24   1,428,838       538,894         889,944        
25   1,297,933       499,507         798,426        
26   1,227,029       477,164         749,865        
27   1,204,254       471,430         732,824        
28   1,229,734       482,116         747,618        
29   1,302,052       508,784         793,268        
30   1,447,069       560,184         886,885        
31   1,538,511       593,112         945,399        
32   1,595,558       614,193         981,365        
33   1,614,573       622,203         992,370        
34   1,596,290       617,308         978,982        
35   1,530,975       596,795         934,180        
36   1,478,645       577,280         901,365        
37   1,428,689       555,930         872,759        
38   1,382,106       533,100         849,006        
39   1,338,584       508,895         829,689        
40   1,299,853       482,799         817,054        
41   1,255,702       458,225         797,477        
42   1,207,978       434,518         773,460        
43   1,156,575       411,690         744,885        
44   1,101,892       389,768         712,124        
45   1,041,503       367,964         673,539        
46   990,413         350,519         639,894        
47   945,601         336,482         609,119        
48   907,069         325,802         581,267        
49   874,414         318,234         556,180        
50   848,859         314,995         533,864        
51   822,101         308,614         513,487        
52   795,537         300,438         495,099        
53   768,998         290,377         478,621        
54   742,504         278,575         463,929        
55   715,950         264,400         451,550        
56   690,079         252,004         438,075        
57   664,722         240,603         424,119        
58   639,863         230,226         409,637        
59   615,387         220,768         394,619        
60   592,144         212,743         379,401        
61   565,092         202,922         362,170        
62   535,269         191,936         343,333        
63   502,723         179,787         322,936        
64   467,771         166,612         301,159        
65   429,188         151,924         277,264        
66   395,262         139,070         256,192        
67   364,228         127,333         236,895        
68   336,008         116,679         219,329        
69   310,314         106,994         203,320        
70   287,534         98,396          189,138        
71   264,104         89,646          174,458        
72   240,654         80,957          159,697        
73   217,124         72,301          144,823        
74   193,584         63,700          129,884        
75   169,439         54,912          114,527        
76   148,188         47,312          100,876        
77   128,868         40,502          88,366         
78   111,284         34,391          76,893         
79   95,222          28,884          66,338         
80   80,175          23,770          56,405         
81   67,612          19,641          47,971         
82   56,854          16,210          40,644         
83   47,639          13,368          34,271         
84   39,720          11,011          28,709         
85   32,806          9,050           23,756         
86   27,166          7,445           19,721         
87   22,504          6,127           16,377         
88   18,663          5,048           13,615         
89   15,501          4,165           11,336         
90   12,903          3,444           9,459          
91   10,776          2,857           7,919          
92   9,040           2,381           6,659          
93   7,634           1,998           5,636          
94   6,504           1,692           4,812          
95   5,610           1,451           4,159          
96   4,916           1,265           3,651          
97   4,399           1,127           3,272          
98   4,039           1,031           3,008          
99   3,822           974             2,848          
100  3,717           946             2,771          
