# # Таблица построена модулем rtss.rosbris1959.ExportMortalityTables по данным в РосБРИС для РСФСР 2016
# Возраст в годах, Числа доживающих до возраста х лет, Числа умирающих при переходе от возраста x к возрасту х+1 лет, Вероятность умереть в течение предстоящего года жизни, Вероятность дожить до возраста х+1 лет, Числа живущих в возрасте х лет, Числа прожитых человеколет, Средняя продолжительность предстоящей жизни
# x, lx, dx, qx, px, Lx, Tx, ex

0       100000  815     0.00815 0.99185 99593   6526023 65.26
1       99185   87      0.00088 0.99912 99142   6426430 64.79
2       99098   49      0.00049 0.99951 99074   6327289 63.85
3       99049   40      0.00040 0.99960 99029   6228215 62.88
4       99009   35      0.00036 0.99964 98992   6129186 61.91
5       98974   37      0.00037 0.99963 98955   6030195 60.93
6       98937   29      0.00029 0.99971 98922   5931239 59.95
7       98908   35      0.00035 0.99965 98891   5832317 58.97
8       98873   32      0.00032 0.99968 98857   5733426 57.99
9       98841   33      0.00033 0.99967 98825   5634569 57.01
10      98808   34      0.00035 0.99965 98791   5535745 56.03
11      98774   30      0.00031 0.99969 98759   5436954 55.04
12      98744   30      0.00030 0.99970 98730   5338195 54.06
13      98714   43      0.00044 0.99956 98693   5239466 53.08
14      98671   42      0.00042 0.99958 98651   5140773 52.10
15      98629   67      0.00068 0.99932 98598   5042122 51.12
16      98562   97      0.00098 0.99902 98516   4943524 50.16
17      98465   135     0.00137 0.99863 98400   4845008 49.21
18      98330   167     0.00170 0.99830 98248   4746607 48.27
19      98163   178     0.00182 0.99818 98075   4648359 47.35
20      97985   195     0.00199 0.99801 97889   4550284 46.44
21      97790   223     0.00228 0.99772 97680   4452394 45.53
22      97567   229     0.00235 0.99765 97454   4354714 44.63
23      97338   254     0.00261 0.99739 97214   4257261 43.74
24      97084   293     0.00302 0.99698 96939   4160047 42.85
25      96791   279     0.00288 0.99712 96652   4063108 41.98
26      96512   312     0.00323 0.99677 96358   3966456 41.10
27      96200   324     0.00337 0.99663 96040   3870098 40.23
28      95876   356     0.00372 0.99628 95701   3774058 39.36
29      95520   389     0.00407 0.99593 95328   3678358 38.51
30      95131   405     0.00425 0.99575 94930   3583030 37.66
31      94726   432     0.00456 0.99544 94514   3488100 36.82
32      94294   492     0.00521 0.99479 94052   3393586 35.99
33      93802   536     0.00571 0.99429 93537   3299534 35.18
34      93266   565     0.00606 0.99394 92987   3205997 34.37
35      92701   616     0.00664 0.99336 92395   3113010 33.58
36      92085   611     0.00663 0.99337 91782   3020615 32.80
37      91474   667     0.00729 0.99271 91143   2928833 32.02
38      90807   675     0.00743 0.99257 90473   2837690 31.25
39      90132   743     0.00825 0.99175 89763   2747218 30.48
40      89389   732     0.00819 0.99181 89022   2657455 29.73
41      88657   723     0.00815 0.99185 88297   2568433 28.97
42      87934   770     0.00876 0.99124 87552   2480136 28.20
43      87164   788     0.00904 0.99096 86772   2392584 27.45
44      86376   815     0.00944 0.99056 85970   2305812 26.70
45      85561   817     0.00955 0.99045 85154   2219842 25.94
46      84744   853     0.01007 0.98993 84320   2134688 25.19
47      83891   885     0.01054 0.98946 83453   2050368 24.44
48      83006   961     0.01158 0.98842 82532   1966915 23.70
49      82045   1032    0.01258 0.98742 81534   1884383 22.97
50      81013   1074    0.01326 0.98674 80478   1802849 22.25
51      79939   1083    0.01355 0.98645 79403   1722371 21.55
52      78856   1207    0.01531 0.98469 78260   1642968 20.84
53      77649   1264    0.01627 0.98373 77021   1564708 20.15
54      76385   1303    0.01706 0.98294 75736   1487687 19.48
55      75082   1328    0.01769 0.98231 74424   1411951 18.81
56      73754   1439    0.01952 0.98048 73043   1337527 18.13
57      72315   1522    0.02105 0.97895 71562   1264485 17.49
58      70793   1628    0.02299 0.97701 69985   1192923 16.85
59      69165   1672    0.02418 0.97582 68342   1122938 16.24
60      67493   1937    0.02870 0.97130 66540   1054596 15.63
61      65556   2043    0.03117 0.96883 64537   988056  15.07
62      63513   2002    0.03152 0.96848 62513   923519  14.54
63      61511   2060    0.03349 0.96651 60485   861006  14.00
64      59451   2086    0.03508 0.96492 58413   800521  13.47
65      57365   2178    0.03797 0.96203 56280   742109  12.94
66      55187   2172    0.03936 0.96064 54108   685829  12.43
67      53015   2345    0.04423 0.95577 51839   631721  11.92
68      50670   2096    0.04136 0.95864 49628   579882  11.44
69      48574   2478    0.05102 0.94898 47339   530254  10.92
70      46096   2189    0.04748 0.95252 44991   482915  10.48
71      43907   2236    0.05093 0.94907 42797   437924  9.97
72      41671   2384    0.05721 0.94279 40476   395127  9.48
73      39287   2174    0.05533 0.94467 38216   354650  9.03
74      37113   2756    0.07426 0.92574 35745   316435  8.53
75      34357   2423    0.07053 0.92947 33134   280689  8.17
76      31934   2489    0.07793 0.92207 30697   247555  7.75
77      29445   2593    0.08806 0.91194 28140   216858  7.36
78      26852   2290    0.08529 0.91471 25699   188718  7.03
79      24562   2398    0.09765 0.90235 23363   163019  6.64
80      22164   2298    0.10367 0.89633 21010   139656  6.30
81      19866   2288    0.11515 0.88485 18712   118646  5.97
82      17578   2057    0.11704 0.88296 16536   99934   5.69
83      15521   1960    0.12629 0.87371 14534   83398   5.37
84      13561   1888    0.13926 0.86074 12608   68864   5.08
85      11673   1741    0.14917 0.85083 10792   56256   4.82
86      9932    1628    0.16390 0.83610 9104    45464   4.58
87      8304    1410    0.16981 0.83019 7585    36360   4.38
88      6894    1286    0.18659 0.81341 6236    28775   4.17
89      5608    1061    0.18923 0.81077 5060    22539   4.02
90      4547    870     0.19130 0.80870 4099    17479   3.84
91      3677    740     0.20112 0.79888 3296    13380   3.64
92      2937    616     0.20966 0.79034 2618    10084   3.43
93      2321    466     0.20075 0.79925 2081    7466    3.22
94      1855    443     0.23876 0.76124 1628    5385    2.90
95      1412    339     0.24004 0.75996 1236    3757    2.66
96      1073    289     0.26942 0.73058 925     2521    2.35
97      784     254     0.32447 0.67553 652     1596    2.04
98      530     171     0.32219 0.67781 439     944     1.78
99      359     113     0.31563 0.68437 298     505     1.41
100     246     73      0.29789 0.70211 207     207     0.84
