# age, both genders, male, female

# Таблица построена дезагрегацией данных АДХ при помощи модуля rtss.data.population.synthetic.PopulationADH

0    3,277,334       1,666,684       1,610,650      
1    2,835,722       1,442,344       1,393,378      
2    2,446,057       1,244,300       1,201,757      
3    2,108,340       1,072,553       1,035,787      
4    1,822,569       927,102         895,467        
5    1,588,745       807,947         780,798        
6    1,407,158       715,090         692,068        
7    1,306,040       663,119         642,921        
8    1,348,192       683,666         664,526        
9    1,514,864       767,177         747,687        
10   1,885,058       953,599         931,459        
11   2,131,810       1,076,903       1,054,907      
12   2,299,597       1,159,672       1,139,925      
13   2,375,954       1,195,619       1,180,335      
14   2,361,582       1,185,208       1,176,374      
15   2,224,479       1,112,125       1,112,354      
16   2,156,735       1,075,196       1,081,539      
17   2,123,367       1,056,336       1,067,031      
18   2,127,384       1,057,060       1,070,324      
19   2,167,036       1,076,283       1,090,753      
20   2,258,644       1,123,965       1,134,679      
21   2,313,898       1,145,707       1,168,191      
22   2,347,518       1,150,516       1,197,002      
23   2,357,751       1,137,342       1,220,409      
24   2,344,191       1,106,471       1,237,720      
25   2,312,925       1,058,130       1,254,795      
26   2,232,008       994,552         1,237,456      
27   2,108,388       916,396         1,191,992      
28   1,943,536       824,773         1,118,763      
29   1,743,143       722,149         1,020,994      
30   1,485,695       599,131         886,564        
31   1,322,044       520,509         801,535        
32   1,216,093       469,459         746,634        
33   1,165,873       444,489         721,384        
34   1,167,294       443,411         723,883        
35   1,235,398       473,300         762,098        
36   1,286,791       494,614         792,177        
37   1,335,791       514,103         821,688        
38   1,380,773       530,964         849,809        
39   1,421,249       545,020         876,229        
40   1,461,307       557,454         903,853        
41   1,476,741       561,015         915,726        
42   1,471,441       556,887         914,554        
43   1,445,019       544,988         900,031        
44   1,398,491       525,656         872,835        
45   1,326,606       497,580         829,026        
46   1,264,428       470,250         794,178        
47   1,205,643       442,058         763,585        
48   1,150,756       413,210         737,546        
49   1,099,567       383,902         715,665        
50   1,052,482       352,592         699,890        
51   1,006,628       328,473         678,155        
52   962,171         309,466         652,705        
53   918,907         295,450         623,457        
54   876,811         286,018         590,793        
55   835,656         282,696         552,960        
56   797,113         275,748         521,365        
57   760,643         266,930         493,713        
58   726,126         256,123         470,003        
59   693,463         243,504         449,959        
60   662,482         228,339         434,143        
61   633,764         215,503         418,261        
62   607,078         204,041         403,037        
63   582,343         193,969         388,374        
64   559,333         185,149         374,184        
65   539,309         178,149         361,160        
66   514,472         169,299         345,173        
67   486,369         159,311         327,058        
68   455,037         148,186         306,851        
69   420,813         136,055         284,758        
70   382,763         122,542         260,221        
71   347,830         110,407         237,423        
72   314,579         99,056          215,523        
73   282,965         88,457          194,508        
74   252,862         78,537          174,325        
75   223,618         69,108          154,510        
76   197,960         60,761          137,199        
77   174,986         53,254          121,732        
78   154,434         46,493          107,941        
79   136,003         40,384          95,619         
80   119,582         34,834          84,748         
81   104,103         29,808          74,295         
82   89,581          25,223          64,358         
83   75,860          21,010          54,850         
84   62,874          17,125          45,749         
85   49,972          13,358          36,614         
86   40,111          10,527          29,584         
87   32,171          8,286           23,885         
88   25,824          6,526           19,298         
89   20,752          5,144           15,608         
90   16,703          4,059           12,644         
91   13,480          3,211           10,269         
92   10,918          2,548           8,370          
93   8,893           2,032           6,861          
94   7,304           1,634           5,670          
95   6,072           1,330           4,742          
96   5,135           1,102           4,033          
97   4,448           937             3,511          
98   3,974           824             3,150          
99   3,690           757             2,933          
100  3,554           725             2,829          
