# age, both genders, male, female

# Таблица построена дезагрегацией данных АДХ при помощи модуля rtss.data.population.synthetic.PopulationADH

0    1,771,555       904,926         866,629        
1    1,768,339       901,900         866,440        
2    1,762,505       897,649         864,856        
3    1,756,565       893,349         863,216        
4    1,753,036       890,176         862,859        
5    1,754,431       889,307         865,124        
6    1,763,265       891,917         871,348        
7    1,783,744       900,068         883,675        
8    1,859,858       936,712         923,145        
9    2,010,703       1,011,995       998,708        
10   2,190,558       1,102,219       1,088,339      
11   2,350,567       1,182,047       1,168,520      
12   2,441,922       1,226,188       1,215,734      
13   2,436,429       1,221,105       1,215,324      
14   2,370,523       1,185,441       1,185,082      
15   2,280,559       1,136,713       1,143,846      
16   2,198,995       1,090,781       1,108,214      
17   2,158,712       1,063,303       1,095,409      
18   2,186,697       1,060,973       1,125,724      
19   2,265,039       1,074,232       1,190,807      
20   2,355,851       1,092,457       1,263,394      
21   2,420,975       1,105,189       1,315,787      
22   2,418,555       1,100,444       1,318,111      
23   2,280,521       1,032,469       1,248,051      
24   2,016,097       887,441         1,128,657      
25   1,708,393       714,292         994,100        
26   1,443,449       564,887         878,562        
27   1,303,942       489,125         814,817        
28   1,268,623       475,858         792,765        
29   1,252,594       474,838         777,756        
30   1,248,054       479,875         768,179        
31   1,252,190       487,667         764,523        
32   1,264,236       495,650         768,585        
33   1,307,833       511,869         795,964        
34   1,385,687       538,939         846,748        
35   1,473,093       568,631         904,462        
36   1,544,705       592,412         952,293        
37   1,575,467       601,888         973,579        
38   1,553,634       593,620         960,013        
39   1,494,101       572,449         921,653        
40   1,415,314       543,816         871,498        
41   1,335,549       513,108         822,441        
42   1,272,543       485,467         787,076        
43   1,226,680       458,993         767,687        
44   1,184,915       429,616         755,299        
45   1,145,074       400,032         745,042        
46   1,105,746       373,327         732,420        
47   1,065,402       352,504         712,897        
48   1,020,012       337,766         682,246        
49   968,766         326,371         642,395        
50   916,109         316,785         599,324        
51   866,721         307,577         559,144        
52   825,140         297,362         527,778        
53   791,166         286,178         504,988        
54   760,865         275,098         485,767        
55   733,215         264,256         468,959        
56   707,400         253,721         453,680        
57   682,670         243,572         439,098        
58   659,960         234,114         425,846        
59   639,753         225,337         414,416        
60   620,221         216,746         403,475        
61   599,416         207,821         391,594        
62   575,393         198,049         377,344        
63   546,732         187,111         359,621        
64   514,238         175,273         338,965        
65   479,685         162,982         316,704        
66   444,872         150,688         294,184        
67   411,512         138,817         272,695        
68   378,963         127,148         251,815        
69   345,968         115,365         230,603        
70   313,611         103,852         209,759        
71   283,112         93,031          190,081        
72   255,665         83,314          172,352        
73   231,604         74,764          156,840        
74   210,007         67,040          142,967        
75   190,077         59,925          130,152        
76   171,039         53,213          117,827        
77   152,071         46,681          105,390        
78   131,449         39,750          91,699         
79   109,364         32,431          76,933         
80   88,444          25,581          62,863         
81   71,420          20,091          51,329         
82   60,873          16,806          44,067         
83   54,877          15,054          39,823         
84   49,386          13,468          35,917         
85   42,793          11,534          31,258         
86   35,415          9,366           26,049         
87   29,077          7,542           21,535         
88   23,651          6,014           17,637         
89   19,025          4,741           14,284         
90   15,099          3,685           11,414         
91   11,787          2,816           8,972          
92   9,015           2,106           6,909          
93   6,716           1,533           5,183          
94   4,835           1,076           3,759          
95   3,323           720             2,603          
96   2,139           449             1,690          
97   1,248           253             995            
98   619             120             499            
99   224             41              183            
100  35              6               30             
