# age, both genders, male, female

# Таблица построена дезагрегацией данных АДХ при помощи модуля rtss.data.population.synthetic.PopulationADH

0    3,598,490       1,801,446       1,797,044      
1    3,425,576       1,714,454       1,711,122      
2    3,249,718       1,626,056       1,623,662      
3    3,073,743       1,537,603       1,536,140      
4    2,900,475       1,450,442       1,450,033      
5    2,732,739       1,365,923       1,366,816      
6    2,573,361       1,285,395       1,287,966      
7    2,424,039       1,209,637       1,214,402      
8    2,259,644       1,125,886       1,133,758      
9    2,070,217       1,029,159       1,041,058      
10   1,888,336       936,036         952,300        
11   1,748,657       864,145         884,512        
12   1,686,147       831,243         854,904        
13   1,739,187       856,524         882,663        
14   1,895,674       934,053         961,621        
15   2,095,296       1,033,221       1,062,075      
16   2,275,305       1,122,090       1,153,215      
17   2,373,224       1,168,914       1,204,310      
18   2,365,117       1,162,140       1,202,977      
19   2,303,058       1,126,635       1,176,423      
20   2,214,165       1,076,486       1,137,679      
21   2,119,761       1,023,576       1,096,185      
22   2,040,323       979,343         1,060,980      
23   1,970,850       941,616         1,029,234      
24   1,893,902       900,980         992,922        
25   1,813,192       858,894         954,298        
26   1,733,736       817,494         916,242        
27   1,660,465       778,865         881,600        
28   1,595,057       743,292         851,765        
29   1,534,550       709,455         825,095        
30   1,476,504       677,004         799,500        
31   1,418,565       645,661         772,904        
32   1,358,152       615,046         743,106        
33   1,288,147       582,541         705,606        
34   1,208,632       547,748         660,884        
35   1,130,217       514,510         615,707        
36   1,063,972       486,865         577,107        
37   1,020,659       468,736         551,923        
38   1,000,160       459,947         540,213        
39   990,993         455,942         535,051        
40   986,379         453,871         532,508        
41   979,942         451,034         528,908        
42   965,395         444,775         520,620        
43   940,172         434,239         505,933        
44   908,112         421,080         487,032        
45   873,242         406,626         466,616        
46   839,515         392,155         447,360        
47   810,785         378,909         431,876        
48   787,561         366,953         420,608        
49   766,898         355,358         411,540        
50   747,335         343,875         403,460        
51   727,537         332,305         395,232        
52   706,186         320,444         385,742        
53   682,770         308,073         374,697        
54   658,173         295,303         362,870        
55   633,337         282,508         350,829        
56   609,189         270,072         339,117        
57   586,658         258,374         328,284        
58   566,528         247,587         318,941        
59   548,288         237,458         310,830        
60   530,671         227,666         303,005        
61   512,383         217,891         294,492        
62   492,136         207,825         284,311        
63   469,065         197,492         271,573        
64   443,746         187,126         256,620        
65   417,301         176,723         240,578        
66   390,864         166,266         224,598        
67   365,538         155,733         209,805        
68   341,451         145,052         196,399        
69   317,845         134,226         183,619        
70   294,474         123,373         171,101        
71   271,131         112,614         158,517        
72   247,570         102,048         145,522        
73   222,614         91,168          131,446        
74   196,211         79,797          116,414        
75   170,199         68,695          101,504        
76   146,500         58,672          87,828         
77   126,938         50,494          76,444         
78   110,416         43,703          66,713         
79   94,946          37,435          57,511         
80   81,347          31,983          49,364         
81   70,601          27,705          42,896         
82   63,613          24,931          38,682         
83   58,980          23,089          35,891         
84   54,458          21,292          33,166         
85   48,556          18,913          29,643         
86   41,448          16,031          25,417         
87   34,977          13,427          21,550         
88   29,130          11,093          18,037         
89   23,890          9,019           14,871         
90   19,244          7,197           12,047         
91   15,169          5,615           9,554          
92   11,647          4,262           7,385          
93   8,655           3,127           5,528          
94   6,168           2,196           3,972          
95   4,158           1,455           2,703          
96   2,596           890             1,706          
97   1,446           483             963            
98   669             216             453            
99   217             67              150            
100  28              8               20             
