# age, male, female, both genders

0       1,891,105       1,838,437       3,729,542
1       1,571,430       1,550,663       3,122,093
2       1,517,271       1,511,477       3,028,748
3       1,545,670       1,543,000       3,088,670
4       1,224,840       1,236,732       2,461,572
5       1,174,954       1,154,381       2,329,335
6       1,007,223       1,014,261       2,021,484
7       991,041         1,033,721       2,024,762
8       1,136,690       1,139,048       2,275,738
9       812,516         814,195         1,626,711
10      983,873         988,956         1,972,829
11      963,355         959,706         1,923,061
12      1,474,723       1,429,845       2,904,568
13      1,290,814       1,279,015       2,569,829
14      1,246,543       1,271,657       2,518,200
15      1,233,656       1,276,466       2,510,122
16      1,231,791       1,355,152       2,586,943
17      1,092,999       1,229,988       2,322,987
18      1,095,494       1,230,716       2,326,210
19      955,382         1,072,709       2,028,091
20      1,091,777       1,295,915       2,387,692
21      849,723         729,200         1,578,923
22      942,285         1,031,881       1,974,166
23      873,736         989,622         1,863,358
24      749,309         855,914         1,605,223
25      819,841         1,167,056       1,986,897
26      794,558         912,005         1,706,563
27      698,864         870,621         1,569,485
28      738,622         904,429         1,643,051
29      567,892         583,084         1,150,976
30      860,988         1,176,203       2,037,191
31      399,460         374,042         773,502
32      578,627         631,931         1,210,558
33      536,744         569,319         1,106,063
34      429,556         454,886         884,442
35      643,089         865,705         1,508,794
36      502,624         547,287         1,049,911
37      472,433         567,202         1,039,635
38      583,449         661,066         1,244,515
39      442,144         433,688         875,832
40      710,644         977,457         1,688,101
41      320,284         280,312         600,596
42      507,495         487,607         995,102
43      416,151         403,252         819,403
44      333,706         331,815         665,521
45      580,878         734,231         1,315,109
46      398,619         374,611         773,230
47      339,005         353,527         692,532
48      378,680         420,024         798,704
49      280,532         268,360         548,892
50      576,951         847,818         1,424,769
51      210,569         201,609         412,178
52      320,675         330,915         651,590
53      269,604         278,473         548,077
54      220,197         243,046         463,243
55      445,265         633,287         1,078,552
56      300,375         344,582         644,957
57      220,249         270,344         490,593
58      215,875         278,639         494,514
59      142,803         159,369         302,172
60      493,885         758,941         1,252,826
61      133,278         134,212         267,490
62      204,850         228,417         433,267
63      184,661         208,015         392,676
64      131,233         155,360         286,593
65      308,382         451,983         760,365
66      156,299         166,757         323,056
67      163,800         193,147         356,947
68      114,619         144,853         259,472
69      66,190          78,841          145,031
70      245,605         436,486         682,091
71      50,464          54,055          104,519
72      81,526          94,089          175,615
73      67,036          74,560          141,596
74      45,645          51,258          96,903
75      117,032         177,133         294,165
76      44,661          52,173          96,834
77      35,330          41,611          76,941
78      39,628          50,224          89,852
79      16,809          21,386          38,195
80      86,911          154,756         241,667
81      11,205          13,324          24,529
82      16,460          19,398          35,858
83      12,005          14,033          26,038
84      9,250           10,948          20,198
85      28,922          43,048          71,970
86      9,028           9,844           18,872
87      7,464           9,144           16,608
88      6,371           7,634           14,005
89      3,694           4,777           8,471
90      18,343          32,897          51,240
91      1,503           2,104           3,607
92      2,029           2,721           4,750
93      1,615           2,121           3,736
94      1,141           1,332           2,473
95      4,261           6,618           10,879
96      1,756           2,063           3,819
97      1,293           1,676           2,969
98      1,392           1,975           3,367
99      775             1,161           1,936
100+    5,999           9,704           15,703
unknown 32,637          25,371          58,008
total   48,170,635      52,720,609      100,891,244

