# age, both genders, male, female

# Таблица построена дезагрегацией данных АДХ при помощи модуля rtss.data.population.synthetic.PopulationADH

0    3,667,334       1,865,790       1,801,544      
1    3,725,365       1,888,591       1,836,774      
2    3,783,396       1,911,392       1,872,004      
3    3,841,427       1,934,193       1,907,234      
4    3,899,458       1,956,995       1,942,463      
5    3,957,489       1,979,796       1,977,693      
6    4,027,025       2,009,347       2,017,678      
7    4,087,892       2,037,545       2,050,347      
8    4,139,364       2,064,218       2,075,146      
9    4,179,229       2,088,094       2,091,135      
10   4,227,915       2,121,303       2,106,612      
11   4,167,479       2,093,986       2,073,493      
12   4,019,578       2,018,828       2,000,750      
13   3,784,976       1,896,179       1,888,797      
14   3,474,052       1,731,704       1,742,348      
15   3,043,436       1,503,061       1,540,375      
16   2,790,904       1,366,527       1,424,377      
17   2,650,771       1,287,164       1,363,607      
18   2,623,017       1,264,596       1,358,421      
19   2,701,871       1,295,651       1,406,220      
20   2,931,784       1,401,195       1,530,589      
21   3,085,373       1,473,462       1,611,911      
22   3,199,470       1,530,129       1,669,341      
23   3,268,398       1,568,593       1,699,805      
24   3,291,976       1,588,622       1,703,354      
25   3,264,725       1,588,861       1,675,864      
26   3,216,925       1,575,761       1,641,164      
27   3,143,676       1,548,315       1,595,361      
28   3,046,014       1,506,866       1,539,148      
29   2,925,659       1,452,196       1,473,463      
30   2,773,802       1,380,797       1,393,005      
31   2,647,628       1,316,355       1,331,273      
32   2,536,267       1,254,562       1,281,705      
33   2,440,196       1,195,711       1,244,485      
34   2,358,107       1,139,574       1,218,533      
35   2,296,912       1,086,660       1,210,252      
36   2,214,399       1,033,163       1,181,236      
37   2,118,299       979,746         1,138,553      
38   2,008,312       926,330         1,081,982      
39   1,886,078       873,101         1,012,977      
40   1,743,643       818,291         925,352        
41   1,632,725       772,087         860,638        
42   1,542,442       732,240         810,202        
43   1,472,579       698,615         773,964        
44   1,421,612       670,767         750,845        
45   1,394,249       649,900         744,349        
46   1,359,356       627,526         731,830        
47   1,322,415       605,133         717,282        
48   1,282,906       582,572         700,334        
49   1,241,075       559,869         681,206        
50   1,195,515       536,905         658,610        
51   1,154,809       514,418         640,391        
52   1,117,340       492,263         625,077        
53   1,083,183       470,434         612,749        
54   1,052,153       448,980         603,173        
55   1,025,185       427,270         597,915        
56   996,517         408,843         587,674        
57   967,078         392,943         574,135        
58   936,748         379,543         557,205        
59   905,472         368,401         537,071        
60   874,043         360,943         513,100        
61   838,249         348,487         489,762        
62   798,969         332,687         466,282        
63   756,280         313,535         442,745        
64   710,458         291,347         419,111        
65   661,000         265,241         395,759        
66   612,378         241,852         370,526        
67   563,750         219,849         343,901        
68   515,159         199,218         315,941        
69   466,713         179,840         286,873        
70   417,095         161,430         255,665        
71   373,881         144,826         229,055        
72   335,111         129,680         205,431        
73   300,461         115,856         184,605        
74   269,452         103,208         166,244        
75   242,158         91,654          150,504        
76   215,633         80,802          134,831        
77   190,232         70,616          119,616        
78   165,770         61,006          104,764        
79   142,208         51,923          90,285         
80   118,602         42,998          75,604         
81   99,630          35,873          63,757         
82   83,735          29,959          53,776         
83   70,510          25,087          45,423         
84   59,523          21,083          38,440         
85   50,476          17,836          32,640         
86   42,795          15,078          27,717         
87   36,324          12,761          23,563         
88   30,874          10,815          20,059         
89   26,293          9,183           17,110         
90   22,452          7,818           14,634         
91   19,244          6,681           12,563         
92   16,578          5,738           10,840         
93   14,377          4,962           9,415          
94   12,580          4,329           8,251          
95   11,135          3,822           7,313          
96   10,001          3,424           6,577          
97   9,146           3,125           6,021          
98   8,545           2,915           5,630          
99   8,178           2,787           5,391          
100  8,001           2,725           5,276          
