# # Таблица построена модулем rtss.rosbris1959.ExportMortalityTables по данным в РосБРИС для РСФСР 2019
# Возраст в годах, Числа доживающих до возраста х лет, Числа умирающих при переходе от возраста x к возрасту х+1 лет, Вероятность умереть в течение предстоящего года жизни, Вероятность дожить до возраста х+1 лет, Числа живущих в возрасте х лет, Числа прожитых человеколет, Средняя продолжительность предстоящей жизни
# x, lx, dx, qx, px, Lx, Tx, ex

0       100000  479     0.00479 0.99521 99761   7335151 73.35
1       99521   46      0.00047 0.99953 99498   7235391 72.70
2       99475   27      0.00027 0.99973 99462   7135893 71.74
3       99448   23      0.00023 0.99977 99437   7036431 70.75
4       99425   19      0.00019 0.99981 99416   6936995 69.77
5       99406   16      0.00016 0.99984 99398   6837579 68.78
6       99390   16      0.00016 0.99984 99382   6738181 67.80
7       99374   16      0.00016 0.99984 99366   6638799 66.81
8       99358   17      0.00017 0.99983 99350   6539433 65.82
9       99341   17      0.00017 0.99983 99333   6440084 64.83
10      99324   17      0.00017 0.99983 99316   6340751 63.84
11      99307   17      0.00017 0.99983 99299   6241436 62.85
12      99290   20      0.00020 0.99980 99280   6142137 61.86
13      99270   25      0.00025 0.99975 99258   6042857 60.87
14      99245   32      0.00032 0.99968 99230   5943599 59.89
15      99213   40      0.00041 0.99959 99194   5844369 58.91
16      99173   47      0.00047 0.99953 99150   5745176 57.93
17      99126   52      0.00052 0.99948 99101   5646026 56.96
18      99074   67      0.00068 0.99932 99041   5546925 55.99
19      99007   68      0.00069 0.99931 98974   5447884 55.03
20      98939   81      0.00082 0.99918 98899   5348910 54.06
21      98858   88      0.00089 0.99911 98814   5250011 53.11
22      98770   90      0.00091 0.99909 98725   5151196 52.15
23      98680   92      0.00094 0.99906 98634   5052471 51.20
24      98588   100     0.00102 0.99898 98539   4953837 50.25
25      98488   109     0.00110 0.99890 98434   4855298 49.30
26      98379   119     0.00121 0.99879 98321   4756864 48.35
27      98260   134     0.00137 0.99863 98194   4658543 47.41
28      98126   145     0.00148 0.99852 98055   4560349 46.47
29      97981   161     0.00164 0.99836 97902   4462294 45.54
30      97820   183     0.00187 0.99813 97731   4364392 44.62
31      97637   216     0.00221 0.99779 97531   4266662 43.70
32      97421   239     0.00245 0.99755 97303   4169130 42.79
33      97182   241     0.00247 0.99753 97063   4071828 41.90
34      96941   269     0.00277 0.99723 96809   3974765 41.00
35      96672   304     0.00314 0.99686 96523   3877956 40.11
36      96368   339     0.00352 0.99648 96201   3781433 39.24
37      96029   367     0.00382 0.99618 95847   3685232 38.38
38      95662   379     0.00396 0.99604 95474   3589385 37.52
39      95283   401     0.00421 0.99579 95085   3493911 36.67
40      94882   450     0.00474 0.99526 94660   3398825 35.82
41      94432   474     0.00502 0.99498 94196   3304165 34.99
42      93958   483     0.00514 0.99486 93717   3209969 34.16
43      93475   486     0.00520 0.99480 93233   3116252 33.34
44      92989   508     0.00546 0.99454 92738   3023019 32.51
45      92481   546     0.00590 0.99410 92210   2930281 31.69
46      91935   565     0.00615 0.99385 91654   2838071 30.87
47      91370   586     0.00641 0.99359 91078   2746417 30.06
48      90784   583     0.00642 0.99358 90493   2655339 29.25
49      90201   604     0.00670 0.99330 89902   2564846 28.43
50      89597   664     0.00741 0.99259 89269   2474943 27.62
51      88933   691     0.00777 0.99223 88591   2385675 26.83
52      88242   759     0.00861 0.99139 87866   2297083 26.03
53      87483   770     0.00880 0.99120 87100   2209217 25.25
54      86713   796     0.00917 0.99083 86320   2122118 24.47
55      85917   892     0.01038 0.98962 85477   2035798 23.69
56      85025   938     0.01103 0.98897 84561   1950321 22.94
57      84087   1022    0.01216 0.98784 83580   1865760 22.19
58      83065   1036    0.01247 0.98753 82549   1782179 21.46
59      82029   1080    0.01317 0.98683 81496   1699630 20.72
60      80949   1214    0.01499 0.98501 80351   1618134 19.99
61      79735   1293    0.01622 0.98378 79094   1537783 19.29
62      78442   1337    0.01704 0.98296 77778   1458689 18.60
63      77105   1397    0.01812 0.98188 76412   1380911 17.91
64      75708   1462    0.01931 0.98069 74983   1304500 17.23
65      74246   1540    0.02074 0.97926 73481   1229517 16.56
66      72706   1587    0.02183 0.97817 71920   1156035 15.90
67      71119   1725    0.02425 0.97575 70263   1084115 15.24
68      69394   1733    0.02497 0.97503 68532   1013853 14.61
69      67661   1830    0.02705 0.97295 66760   945321  13.97
70      65831   2057    0.03124 0.96876 64805   878561  13.35
71      63774   1887    0.02959 0.97041 62840   813756  12.76
72      61887   2290    0.03700 0.96300 60746   750916  12.13
73      59597   1991    0.03341 0.96659 58594   690170  11.58
74      57606   2120    0.03680 0.96320 56560   631575  10.96
75      55486   2320    0.04182 0.95818 54327   575016  10.36
76      53166   2137    0.04020 0.95980 52118   520689  9.79
77      51029   2809    0.05505 0.94495 49643   468571  9.18
78      48220   2585    0.05361 0.94639 46925   418928  8.69
79      45635   2756    0.06040 0.93960 44275   372003  8.15
80      42879   3010    0.07020 0.92980 41380   327728  7.64
81      39869   2907    0.07292 0.92708 38420   286348  7.18
82      36962   3124    0.08451 0.91549 35408   247927  6.71
83      33838   3106    0.09179 0.90821 32285   212519  6.28
84      30732   3135    0.10201 0.89799 29160   180234  5.86
85      27597   2991    0.10838 0.89162 26094   151074  5.47
86      24606   2966    0.12053 0.87947 23123   124980  5.08
87      21640   2990    0.13815 0.86185 20139   101857  4.71
88      18650   2810    0.15067 0.84933 17231   81718   4.38
89      15840   2664    0.16818 0.83182 14493   64487   4.07
90      13176   2455    0.18635 0.81365 11930   49993   3.79
91      10721   2209    0.20601 0.79399 9591    38064   3.55
92      8512    1840    0.21622 0.78378 7563    28473   3.35
93      6672    1506    0.22572 0.77428 5893    20910   3.13
94      5166    1210    0.23424 0.76576 4541    15018   2.91
95      3956    1017    0.25718 0.74282 3428    10477   2.65
96      2939    744     0.25310 0.74690 2551    7049    2.40
97      2195    642     0.29261 0.70739 1864    4497    2.05
98      1553    505     0.32493 0.67507 1292    2633    1.70
99      1048    426     0.40689 0.59311 821     1342    1.28
100     622     178     0.28650 0.71350 521     521     0.84
