# age, both genders, male, female

# Таблица построена дезагрегацией данных АДХ при помощи модуля rtss.data.population.synthetic.PopulationADH

0    3,593,037       1,811,694       1,781,343      
1    3,296,354       1,659,855       1,636,499      
2    2,976,910       1,496,462       1,480,448      
3    2,656,557       1,332,607       1,323,949      
4    2,357,143       1,179,382       1,177,760      
5    2,100,517       1,047,878       1,052,639      
6    1,908,531       949,186         959,344        
7    1,803,033       894,399         908,634        
8    1,804,383       893,850         910,533        
9    1,902,536       942,686         959,850        
10   2,047,060       1,015,493       1,031,566      
11   2,182,702       1,084,312       1,098,390      
12   2,255,436       1,121,429       1,134,007      
13   2,264,021       1,121,487       1,142,534      
14   2,257,782       1,110,279       1,147,503      
15   2,243,877       1,093,449       1,150,429      
16   2,225,167       1,073,780       1,151,387      
17   2,202,103       1,053,634       1,148,469      
18   2,149,696       1,024,488       1,125,208      
19   2,060,157       979,650         1,080,507      
20   1,952,110       926,596         1,025,514      
21   1,845,031       873,537         971,494        
22   1,757,932       828,466         929,467        
23   1,693,959       792,188         901,771        
24   1,639,967       759,213         880,754        
25   1,589,875       728,018         861,857        
26   1,538,201       697,380         840,821        
27   1,479,280       665,998         813,281        
28   1,404,789       631,201         773,588        
29   1,316,854       593,402         723,452        
30   1,228,218       556,845         671,373        
31   1,152,051       525,936         626,115        
32   1,101,142       504,946         596,197        
33   1,075,250       493,502         581,748        
34   1,061,339       486,772         574,567        
35   1,052,588       482,206         570,382        
36   1,042,682       477,438         565,244        
37   1,025,455       470,181         555,274        
38   999,870         460,608         539,262        
39   970,404         450,567         519,837        
40   939,428         440,204         499,224        
41   909,124         429,548         479,575        
42   881,608         418,623         462,985        
43   856,830         407,265         449,565        
44   833,011         395,360         437,651        
45   809,687         383,047         426,640        
46   786,488         370,479         416,009        
47   763,025         357,781         405,244        
48   738,565         344,439         394,126        
49   713,236         330,254         382,982        
50   688,190         316,012         372,178        
51   664,621         302,546         362,074        
52   643,727         290,678         353,049        
53   626,451         280,715         345,736        
54   612,011         272,049         339,962        
55   598,692         264,020         334,672        
56   584,754         255,979         328,775        
57   568,482         247,299         321,183        
58   549,212         238,034         311,178        
59   527,859         228,667         299,192        
60   505,235         219,186         286,049        
61   482,122         209,546         272,576        
62   459,290         199,708         259,581        
63   436,907         189,772         247,135        
64   414,447         179,788         234,659        
65   391,584         169,608         221,976        
66   368,015         159,076         208,939        
67   343,387         148,004         195,383        
68   316,316         135,584         180,732        
69   286,698         121,727         164,971        
70   256,562         107,594         148,968        
71   228,033         94,400          133,633        
72   203,159         83,325          119,835        
73   181,613         74,316          107,297        
74   161,632         66,366          95,266         
75   143,227         59,234          83,993         
76   126,524         52,733          73,791         
77   111,610         46,667          64,943         
78   97,606          40,659          56,947         
79   84,033          34,707          49,326         
80   71,840          29,294          42,546         
81   62,047          24,926          37,122         
82   55,602          22,072          33,530         
83   51,323          20,228          31,095         
84   47,187          18,480          28,707         
85   41,848          16,338          25,510         
86   35,483          13,876          21,606         
87   29,754          11,678          18,076         
88   24,633          9,724           14,909         
89   20,092          7,996           12,096         
90   16,102          6,476           9,626          
91   12,635          5,151           7,484          
92   9,664           4,006           5,658          
93   7,158           3,029           4,130          
94   5,090           2,208           2,883          
95   3,429           1,533           1,896          
96   2,143           994             1,149          
97   1,199           582             616            
98   560             289             271            
99   185             103             82             
100  25              16              9              
