# Возраст в годах, Числа доживающих до возраста х лет , Числа умирающих при переходе от возраста x к возрасту х+1 лет , Вероятность умереть в течение предстоящего года жизни, Вероятность дожить до возраста х+1 лет, Числа живущих в возрасте х лет, Числа прожитых человеколет, Средняя продолжительность предстоящей жизни
# x, lх, dх, qх, pх, Lх, Tх, eх

		0	100000	18701	0.18701	0.81299	87106	4435295	44.35
		1	81299	5193	0.06387	0.93613	78400	4348189	53.48
		2	76106	2429	0.03192	0.96808	74733	4269789	56.10
		3	73677	1376	0.01868	0.98132	72931	4195056	56.94
		4	72301	1033	0.01429	0.98571	71758	4122125	57.01
									
		5	71268	763	0.01070	0.98930	70867	4050367	56.83
		6	70505	583	0.00827	0.99173	70201	3979500	56.44
		7	69922	447	0.00639	0.99361	69689	3909299	55.91
		8	69475	359	0.00517	0.99483	69289	3839610	55.27
		9	69116	274	0.00397	0.99603	68973	3770321	54.55
									
		10	68842	211	0.00307	0.99693	68732	3701348	53.77
		11	68631	177	0.00258	0.99742	68540	3632616	52.93
		12	68454	168	0.00245	0.99755	68370	3564076	52.07
		13	68286	182	0.00267	0.99733	68196	3495706	51.19
		14	68104	202	0.00297	0.99703	68004	3427510	50.33
									
		15	67902	216	0.00318	0.99682	67795	3359506	49.48
		16	67686	228	0.00337	0.99663	67573	3291711	48.63
		17	67458	251	0.00372	0.99628	67334	3224138	47.79
		18	67207	282	0.00420	0.99580	67068	3156804	46.97
		19	66925	311	0.00465	0.99535	66772	3089736	46.17
									
		20	66614	337	0.00506	0.99494	66448	3022964	45.38
		21	66277	354	0.00534	0.99466	66101	2956516	44.61
		22	65923	364	0.00552	0.99448	65742	2890415	43.85
		23	65559	380	0.00579	0.99421	65370	2824673	43.09
		24	65179	387	0.00593	0.99407	64986	2759303	42.33
									
		25	64792	387	0.00598	0.99402	64598	2694317	41.58
		26	64405	386	0.00599	0.99401	64212	2629719	40.83
		27	64019	384	0.00600	0.99400	63827	2565507	40.07
		28	63635	383	0.00602	0.99398	63444	2501680	39.31
		29	63252	388	0.00613	0.99387	63058	2438236	38.55
									
		30	62864	393	0.00625	0.99375	62668	2375178	37.78
		31	62471	398	0.00637	0.99363	62273	2312510	37.02
		32	62073	406	0.00654	0.99346	61871	2250237	36.25
		33	61667	416	0.00674	0.99326	61460	2188366	35.49
		34	61251	423	0.00691	0.99309	61041	2126906	34.72
									
		35	60828	430	0.00707	0.99293	60614	2065865	33.96
		36	60398	437	0.00723	0.99277	60181	2005251	33.20
		37	59961	445	0.00742	0.99258	59739	1945070	32.44
		38	59516	453	0.00761	0.99239	59291	1885331	31.68
		39	59063	465	0.00787	0.99213	58831	1826040	30.92
									
		40	58598	483	0.00824	0.99176	58358	1767209	30.16
		41	58115	503	0.00865	0.99135	57866	1708851	29.40
		42	57612	523	0.00908	0.99092	57352	1650985	28.66
		43	57089	549	0.00961	0.99039	56816	1593633	27.91
		44	56540	567	0.01002	0.98998	56257	1536817	27.18
									
		45	55973	579	0.01034	0.98966	55685	1480560	26.45
		46	55394	587	0.01060	0.98940	55101	1424875	25.72
		47	54807	600	0.01095	0.98905	54508	1369774	24.99
		48	54207	612	0.01129	0.98871	53902	1315266	24.26
		49	53595	635	0.01184	0.98816	53280	1261364	23.54
									
		50	52960	670	0.01265	0.98735	52628	1208084	22.81
		51	52290	715	0.01368	0.98632	51936	1155456	22.10
		52	51575	758	0.01470	0.98530	51200	1103520	21.40
		53	50817	812	0.01597	0.98403	50414	1052320	20.71
		54	50005	838	0.01676	0.98324	49588	1001906	20.04
									
		55	49167	857	0.01744	0.98256	48739	952318	19.37
		56	48310	871	0.01803	0.98197	47875	903579	18.70
		57	47439	888	0.01872	0.98128	46996	855704	18.04
		58	46551	907	0.01948	0.98052	46100	808708	17.37
		59	45644	942	0.02064	0.97936	45177	762608	16.71
									
		60	44702	1002	0.02242	0.97758	44206	717431	16.05
		61	43700	1073	0.02456	0.97544	43170	673225	15.41
		62	42627	1144	0.02683	0.97317	42061	630055	14.78
		63	41483	1220	0.02942	0.97058	40879	587994	14.17
		64	40263	1284	0.03188	0.96812	39626	547115	13.59
									
		65	38979	1335	0.03426	0.96574	38316	507489	13.02
		66	37644	1376	0.03654	0.96346	36960	469173	12.46
		67	36268	1427	0.03934	0.96066	35558	432213	11.92
		68	34841	1484	0.04259	0.95741	34104	396655	11.38
		69	33357	1557	0.04669	0.95331	32584	362551	10.87
									
		70	31800	1627	0.05115	0.94885	30992	329967	10.38
		71	30173	1694	0.05614	0.94386	29331	298975	9.91
		72	28479	1739	0.06106	0.93894	27613	269644	9.47
		73	26740	1776	0.06642	0.93358	25853	242031	9.05
		74	24964	1761	0.07056	0.92944	24082	216178	8.66
									
		75	23203	1730	0.07457	0.92543	22334	192096	8.28
		76	21473	1673	0.07790	0.92210	20631	169762	7.91
		77	19800	1616	0.08161	0.91839	18988	149131	7.53
		78	18184	1579	0.08684	0.91316	17391	130143	7.16
		79	16605	1549	0.09331	0.90669	15828	112752	6.79
									
		80	15056	1524	0.10124	0.89876	14291	96924	6.44
		81	13532	1484	0.10968	0.89032	12786	82633	6.11
		82	12048	1439	0.11941	0.88059	11324	69847	5.80
		83	10609	1381	0.13020	0.86980	9912	58523	5.52
		84	9228	1301	0.14093	0.85907	8570	48611	5.27
									
		85	7927	1196	0.15085	0.84915	7320	40041	5.05
		86	6731	1069	0.15882	0.84118	6185	32721	4.86
		87	5662	938	0.16571	0.83429	5182	26536	4.69
		88	4724	811	0.17162	0.82838	4308	21354	4.52
		89	3913	692	0.17693	0.82307	3558	17046	4.36
									
		90	3221	589	0.18293	0.81707	2918	13488	4.19
		91	2632	499	0.18952	0.81048	2375	10570	4.02
		92	2133	422	0.19788	0.80212	1916	8195	3.84
		93	1711	354	0.20709	0.79291	1529	6279	3.67
		94	1357	293	0.21623	0.78377	1205	4750	3.50
									
		95	1064	240	0.22571	0.77429	940	3545	3.33
		96	824	195	0.23649	0.76351	723	2605	3.16
		97	629	157	0.24901	0.75099	548	1882	2.99
		98	472	124	0.26363	0.73637	408	1334	2.82
		99	348	99	0.28317	0.71683	297	926	2.66
		100	249	75	0.30229	0.69771	210	629	2.53
