# Возраст в годах, Числа доживающих до возраста х лет , Числа умирающих при переходе от возраста x к возрасту х+1 лет , Вероятность умереть в течение предстоящего года жизни, Вероятность дожить до возраста х+1 лет, Числа живущих в возрасте х лет, Числа прожитых человеколет, Средняя продолжительность предстоящей жизни
# x, lх, dх, qх, pх, Lх, Tх, eх

		0	100000	17214	0.17214	0.82786	88270	4679396	46.79
		1	82786	5047	0.06097	0.93903	79974	4591126	55.46
		2	77739	2401	0.03089	0.96911	76385	4511152	58.03
		3	75338	1383	0.01836	0.98164	74590	4434767	58.86
		4	73955	1038	0.01404	0.98596	73410	4360177	58.96
									
		5	72917	765	0.01049	0.98951	72516	4286767	58.79
		6	72152	578	0.00801	0.99199	71849	4214251	58.41
		7	71574	438	0.00612	0.99388	71345	4142402	57.88
		8	71136	350	0.00492	0.99508	70954	4071057	57.23
		9	70786	265	0.00375	0.99625	70648	4000103	56.51
									
		10	70521	206	0.00292	0.99708	70414	3929455	55.72
		11	70315	174	0.00248	0.99752	70226	3859041	54.88
		12	70141	170	0.00242	0.99758	70057	3788815	54.02
		13	69971	190	0.00272	0.99728	69878	3718758	53.15
		14	69781	212	0.00304	0.99696	69676	3648880	52.29
									
		15	69569	223	0.00320	0.99680	69459	3579204	51.45
		16	69346	230	0.00331	0.99669	69232	3509745	50.61
		17	69116	248	0.00359	0.99641	68994	3440513	49.78
		18	68868	275	0.00400	0.99600	68733	3371519	48.96
		19	68593	300	0.00438	0.99562	68445	3302786	48.15
									
		20	68293	324	0.00474	0.99526	68133	3234341	47.36
		21	67969	338	0.00497	0.99503	67801	3166208	46.58
		22	67631	353	0.00522	0.99478	67456	3098407	45.81
		23	67278	368	0.00547	0.99453	67095	3030951	45.05
		24	66910	375	0.00560	0.99440	66723	2963856	44.30
									
		25	66535	379	0.00570	0.99430	66346	2897133	43.54
		26	66156	380	0.00575	0.99425	65966	2830787	42.79
		27	65776	381	0.00579	0.99421	65586	2764821	42.03
		28	65395	381	0.00582	0.99418	65204	2699235	41.28
		29	65014	382	0.00588	0.99412	64823	2634031	40.51
									
		30	64632	388	0.00600	0.99400	64439	2569208	39.75
		31	64244	396	0.00616	0.99384	64047	2504769	38.99
		32	63848	402	0.00630	0.99370	63648	2440722	38.23
		33	63446	410	0.00646	0.99354	63242	2377074	37.47
		34	63036	415	0.00659	0.99341	62829	2313832	36.71
									
		35	62621	419	0.00669	0.99331	62412	2251003	35.95
		36	62202	421	0.00677	0.99323	61992	2188591	35.19
		37	61781	424	0.00686	0.99314	61569	2126599	34.42
		38	61357	426	0.00695	0.99305	61144	2065030	33.66
		39	60931	431	0.00707	0.99293	60717	2003886	32.89
									
		40	60500	439	0.00726	0.99274	60282	1943169	32.12
		41	60061	450	0.00749	0.99251	59837	1882887	31.35
		42	59611	461	0.00774	0.99226	59382	1823050	30.58
		43	59150	476	0.00804	0.99196	58913	1763668	29.82
		44	58674	483	0.00823	0.99177	58433	1704755	29.05
									
		45	58191	484	0.00832	0.99168	57949	1646322	28.29
		46	57707	483	0.00837	0.99163	57465	1588373	27.53
		47	57224	482	0.00843	0.99157	56983	1530908	26.75
		48	56742	483	0.00852	0.99148	56502	1473925	25.98
		49	56259	496	0.00882	0.99118	56013	1417423	25.19
									
		50	55763	525	0.00942	0.99058	55504	1361410	24.41
		51	55238	566	0.01024	0.98976	54958	1305906	23.64
		52	54672	607	0.01110	0.98890	54373	1250948	22.88
		53	54065	652	0.01206	0.98794	53742	1196575	22.13
		54	53413	672	0.01258	0.98742	53079	1142833	21.40
									
		55	52741	702	0.01331	0.98669	52393	1089754	20.66
		56	52039	735	0.01412	0.98588	51674	1037361	19.93
		57	51304	760	0.01481	0.98519	50926	985687	19.21
		58	50544	789	0.01561	0.98439	50153	934761	18.49
		59	49755	833	0.01674	0.98326	49344	884608	17.78
									
		60	48922	897	0.01834	0.98166	48480	835264	17.07
		61	48025	975	0.02030	0.97970	47545	786784	16.38
		62	47050	1060	0.02253	0.97747	46527	739239	15.71
		63	45990	1143	0.02485	0.97515	45426	692712	15.06
		64	44847	1217	0.02714	0.97286	44245	647286	14.43
									
		65	43630	1281	0.02937	0.97063	42995	603041	13.82
		66	42349	1330	0.03141	0.96859	41688	560046	13.22
		67	41019	1380	0.03365	0.96635	40334	518358	12.64
		68	39639	1454	0.03669	0.96331	38919	478024	12.06
		69	38185	1550	0.04059	0.95941	37419	439105	11.50
									
		70	36635	1676	0.04576	0.95424	35806	401686	10.96
		71	34959	1773	0.05073	0.94927	34081	365880	10.47
		72	33186	1858	0.05600	0.94400	32262	331799	10.00
		73	31328	1890	0.06034	0.93966	30385	299537	9.56
		74	29438	1903	0.06466	0.93534	28487	269152	9.14
									
		75	27535	1891	0.06869	0.93131	26587	240665	8.74
		76	25644	1829	0.07132	0.92868	24725	214078	8.35
		77	23815	1777	0.07461	0.92539	22923	189353	7.95
		78	22038	1736	0.07877	0.92123	21167	166430	7.55
		79	20302	1710	0.08425	0.91575	19445	145263	7.16
									
		80	18592	1682	0.09046	0.90954	17750	125818	6.77
		81	16910	1679	0.09929	0.90071	16070	108068	6.39
		82	15231	1667	0.10946	0.89054	14397	91998	6.04
		83	13564	1647	0.12145	0.87855	12738	77601	5.72
		84	11917	1590	0.13345	0.86655	11116	64863	5.44
									
		85	10327	1499	0.14516	0.85484	9569	53747	5.20
		86	8828	1369	0.15510	0.84490	8132	44178	5.00
		87	7459	1214	0.16282	0.83718	6839	36046	4.83
		88	6245	1051	0.16836	0.83164	5707	29207	4.68
		89	5194	896	0.17242	0.82758	4734	23500	4.52
									
		90	4298	761	0.17717	0.82283	3907	18766	4.37
		91	3537	646	0.18260	0.81740	3205	14859	4.20
		92	2891	544	0.18830	0.81170	2611	11654	4.03
		93	2347	457	0.19480	0.80520	2112	9043	3.85
		94	1890	383	0.20243	0.79757	1693	6931	3.67
									
		95	1507	320	0.21210	0.78790	1342	5238	3.48
		96	1187	266	0.22405	0.77595	1050	3896	3.28
		97	921	219	0.23788	0.76212	808	2846	3.09
		98	702	179	0.25503	0.74497	609	2038	2.90
		99	523	144	0.27513	0.72487	448	1429	2.73
		100	379	112	0.29763	0.70237	320	981	2.59
