# Возраст в годах, Числа доживающих до возраста х лет , Числа умирающих при переходе от возраста x к возрасту х+1 лет , Вероятность умереть в течение предстоящего года жизни, Вероятность дожить до возраста х+1 лет, Числа живущих в возрасте х лет, Числа прожитых человеколет, Средняя продолжительность предстоящей жизни
# x, lх, dх, qх, pх, Lх, Tх, eх

		0	100000	20102	0.20102	0.79898	86009	4192642	41.93
		1	79898	5329	0.06670	0.93330	76917	4106633	51.40
		2	74569	2457	0.03295	0.96705	73175	4029716	54.04
		3	72112	1369	0.01899	0.98101	71368	3956541	54.87
		4	70743	1029	0.01454	0.98546	70203	3885173	54.92
									
		5	69714	761	0.01091	0.98909	69315	3814970	54.72
		6	68953	589	0.00854	0.99146	68645	3745655	54.32
		7	68364	455	0.00666	0.99334	68127	3677010	53.79
		8	67909	368	0.00542	0.99458	67717	3608883	53.14
		9	67541	284	0.00420	0.99580	67392	3541166	52.43
									
		10	67257	217	0.00322	0.99678	67144	3473774	51.65
		11	67040	179	0.00267	0.99733	66948	3406630	50.81
		12	66861	166	0.00248	0.99752	66778	3339682	49.95
		13	66695	175	0.00262	0.99738	66609	3272904	49.07
		14	66520	192	0.00289	0.99711	66425	3206295	48.20
									
		15	66328	210	0.00316	0.99684	66224	3139870	47.34
		16	66118	227	0.00344	0.99656	66007	3073646	46.49
		17	65891	257	0.00390	0.99610	65766	3007639	45.65
		18	65634	295	0.00450	0.99550	65490	2941873	44.82
		19	65339	331	0.00506	0.99494	65176	2876383	44.02
									
		20	65008	351	0.00540	0.99460	64834	2811207	43.24
		21	64657	370	0.00573	0.99427	64473	2746373	42.48
		22	64287	376	0.00585	0.99415	64101	2681900	41.72
		23	63911	392	0.00614	0.99386	63717	2617799	40.96
		24	63519	401	0.00632	0.99368	63319	2554082	40.21
									
		25	63118	403	0.00638	0.99362	62917	2490763	39.46
		26	62715	394	0.00628	0.99372	62517	2427846	38.71
		27	62321	390	0.00626	0.99374	62126	2365329	37.95
		28	61931	386	0.00623	0.99377	61738	2303203	37.19
		29	61545	385	0.00626	0.99374	61352	2241465	36.42
									
		30	61160	391	0.00639	0.99361	60965	2180113	35.65
		31	60769	401	0.00660	0.99340	60569	2119148	34.87
		32	60368	411	0.00681	0.99319	60163	2058579	34.10
		33	59957	423	0.00705	0.99295	59746	1998416	33.33
		34	59534	434	0.00729	0.99271	59318	1938670	32.56
									
		35	59100	445	0.00753	0.99247	58879	1879352	31.80
		36	58655	457	0.00779	0.99221	58428	1820473	31.04
		37	58198	471	0.00809	0.99191	57964	1762045	30.28
		38	57727	485	0.00841	0.99159	57486	1704081	29.52
		39	57242	505	0.00882	0.99118	56991	1646595	28.77
									
		40	56737	530	0.00934	0.99066	56474	1589604	28.02
		41	56207	558	0.00993	0.99007	55930	1533130	27.28
		42	55649	588	0.01056	0.98944	55357	1477200	26.54
		43	55061	620	0.01127	0.98873	54753	1421843	25.82
		44	54441	650	0.01194	0.98806	54118	1367090	25.11
									
		45	53791	675	0.01254	0.98746	53456	1312972	24.41
		46	53116	697	0.01312	0.98688	52770	1259516	23.71
		47	52419	724	0.01381	0.98619	52060	1206746	23.02
		48	51695	754	0.01459	0.98541	51321	1154686	22.34
		49	50941	790	0.01551	0.98449	50549	1103365	21.66
									
		50	50151	831	0.01657	0.98343	49740	1052816	20.99
		51	49320	878	0.01781	0.98219	48885	1003076	20.34
		52	48442	926	0.01912	0.98088	47983	954191	19.70
		53	47516	978	0.02059	0.97941	47031	906208	19.07
		54	46538	1016	0.02184	0.97816	46032	859177	18.46
									
		55	45522	1030	0.02263	0.97737	45008	813145	17.86
		56	44492	1031	0.02318	0.97682	43976	768137	17.26
		57	43461	1040	0.02392	0.97608	42941	724161	16.66
		58	42421	1050	0.02475	0.97525	41897	681220	16.06
		59	41371	1074	0.02596	0.97404	40837	639323	15.45
									
		60	40297	1123	0.02787	0.97213	39739	598486	14.85
		61	39174	1180	0.03011	0.96989	38589	558747	14.26
		62	37994	1233	0.03246	0.96754	37382	520158	13.69
		63	36761	1289	0.03507	0.96493	36120	482776	13.13
		64	35472	1339	0.03775	0.96225	34806	446656	12.59
									
		65	34133	1379	0.04039	0.95961	33446	411850	12.07
		66	32754	1413	0.04313	0.95687	32050	378404	11.55
		67	31341	1445	0.04609	0.95391	30622	346354	11.05
		68	29896	1501	0.05022	0.94978	29151	315732	10.56
		69	28395	1554	0.05472	0.94528	27622	286581	10.09
									
		70	26841	1602	0.05968	0.94032	26043	258959	9.65
		71	25239	1636	0.06484	0.93516	24424	232916	9.23
		72	23603	1650	0.06989	0.93011	22788	208492	8.83
		73	21953	1636	0.07454	0.92546	21132	185704	8.46
		74	20317	1598	0.07865	0.92135	19514	164572	8.10
									
		75	18719	1542	0.08239	0.91761	17943	145058	7.75
		76	17177	1481	0.08620	0.91380	16431	127115	7.40
		77	15696	1424	0.09072	0.90928	14980	110684	7.05
		78	14272	1378	0.09655	0.90345	13580	95704	6.71
		79	12894	1341	0.10403	0.89597	12220	82124	6.37
									
		80	11553	1307	0.11311	0.88689	10895	69904	6.05
		81	10246	1257	0.12264	0.87736	9612	59009	5.76
		82	8989	1194	0.13285	0.86715	8386	49397	5.50
		83	7795	1111	0.14254	0.85746	7232	41011	5.26
		84	6684	1006	0.15055	0.84945	6172	33779	5.05
									
		85	5678	898	0.15824	0.84176	5020	27607	4.86
		86	4780	782	0.16366	0.83634	4380	22387	4.68
		87	3998	678	0.16949	0.83051	3651	18007	4.50
		88	3320	585	0.17612	0.82388	3021	14356	4.32
		89	2735	502	0.18353	0.81647	2477	11335	4.14
									
		90	2233	428	0.19171	0.80829	2012	8858	3.97
		91	1805	362	0.20062	0.79938	1619	6846	3.79
		92	1443	303	0.21024	0.78976	1287	5227	3.62
		93	1140	251	0.22054	0.77946	1010	3940	3.46
		94	889	206	0.23150	0.76850	782	2930	3.30
									
		95	683	166	0.24308	0.75692	597	2148	3.14
		96	517	131	0.25359	0.74641	448	1551	3.00
		97	386	102	0.26461	0.73539	333	1103	2.86
		98	284	78	0.27621	0.72379	243	770	2.71
		99	206	61	0.29493	0.70507	174	527	2.57
		100	145	45	0.30910	0.69090	121	353	2.44
