# age, male, female, both genders

Всего                   94,050,303      114,776,347     208,826,650
0                       2,521,542       2,420,401       4,941,943
1                       2,457,798       2,356,919       4,814,717
2                       2,459,446       2,365,298       4,824,744
3                       2,476,039       2,384,602       4,860,641
4                       2,490,571       2,400,599       4,891,170
0–4                     12,405,396      11,927,819      24,333,215
5                       2,289,322       2,205,057       4,494,379
6                       2,331,592       2,246,586       4,578,178
7                       2,223,694       2,150,072       4,373,766
8                       2,217,961       2,147,709       4,365,670
9                       2,140,335       2,076,819       4,217,154
5–9                     11,202,904      10,826,243      22,029,147
10                      2,060,232       1,989,121       4,049,353
11                      1,793,008       1,743,834       3,536,842
12                      1,823,729       1,752,865       3,576,594
13                      1,130,471       1,086,502       2,216,973
14                      1,000,238       957,202         1,957,440
10–14                   7,807,678       7,529,524       15,337,202
15                      914,506         881,698         1,796,204
16                      1,266,812       1,236,294       2,503,106
17                      1,828,429       1,832,073       3,660,502
18                      2,072,547       2,122,376       4,194,923
19                      2,176,515       2,140,023       4,316,538
15–19                   8,258,809       8,212,464       16,471,273
20                      2,361,728       2,477,310       4,839,038
21                      2,285,520       2,262,784       4,548,304
22                      2,042,137       2,151,351       4,193,488
23                      1,822,436       1,831,490       3,653,926
24                      1,544,157       1,564,115       3,108,272
20–24                   10,055,978      10,287,050      20,343,028
25                      1,514,903       1,586,823       3,101,726
26                      1,740,161       1,832,659       3,572,820
27                      1,691,811       1,726,157       3,417,968
28                      2,100,923       2,178,803       4,279,726
29                      1,869,171       1,948,718       3,817,889
25–29                   8,916,969       9,273,160       18,190,129
30                      2,245,470       2,498,594       4,744,064
31                      1,835,631       1,933,505       3,769,136
32                      1,796,137       2,166,122       3,962,259
33                      1,439,800       1,913,673       3,353,473
34                      1,293,973       1,875,994       3,169,967
30–34                   8,611,011       10,387,888      18,998,899
35                      1,160,688       1,802,197       2,962,885
36                      961,781         1,556,777       2,518,558
37                      822,149         1,252,265       2,074,414
38                      865,054         1,343,044       2,208,098
39                      718,668         1,107,886       1,826,554
35–39                   4,528,340       7,062,169       11,590,509
40                      945,352         1,538,363       2,483,715
41                      594,234         883,714         1,477,948
42                      698,742         1,117,168       1,815,910
43                      792,086         1,265,901       2,057,987
44                      967,825         1,604,710       2,572,535
40–44                   3,998,239       6,409,856       10,408,095
45                      993,597         1,590,679       2,584,276
46                      1,002,223       1,651,634       2,653,857
47                      879,939         1,361,461       2,241,400
48                      1,020,546       1,702,820       2,723,366
49                      809,459         1,251,136       2,060,595
45–49                   4,705,764       7,557,730       12,263,494
50                      936,361         1,547,311       2,483,672
51                      788,505         1,214,711       2,003,216
52                      828,099         1,292,944       2,121,043
53                      732,857         1,185,840       1,918,697
54                      724,292         1,195,853       1,920,145
50–54                   4,010,114       6,436,659       10,446,773
55                      708,202         1,368,191       2,076,393
56                      632,679         1,243,567       1,876,246
57                      464,266         954,330         1,418,596
58                      639,882         1,421,472       2,061,354
59                      460,457         805,770         1,266,227
55–59                   2,905,486       5,793,330       8,698,816
60                      573,890         1,191,108       1,764,998
61                      415,477         715,699         1,131,176
62                      478,716         863,588         1,342,304
63                      459,992         830,198         1,290,190
64                      419,489         748,098         1,167,587
60–64                   2,347,564       4,348,691       6,696,255
65                      455,333         853,380         1,308,713
66                      381,152         686,242         1,067,394
67                      334,639         631,554         966,193
68                      346,889         661,351         1,008,240
69                      233,323         456,012         689,335
65–69                   1,751,336       3,288,539       5,039,875
70                      388,965         893,874         1,282,839
71                      229,776         406,428         636,204
72                      250,354         494,992         745,346
73                      219,180         443,273         662,453
74                      197,841         389,656         587,497
70–74                   1,286,116       2,628,223       3,914,339
75                      212,857         459,223         672,080
76                      164,685         332,345         497,030
77                      123,999         260,858         384,857
78                      145,814         299,483         445,297
79                      87,049          167,480         254,529
75–79                   734,404         1,519,389       2,253,793
80                      116,347         314,868         431,215
81                      61,521          114,341         175,862
82                      61,853          134,499         196,352
83                      49,977          114,417         164,394
84                      42,214          96,073          138,287
80–84                   331,912         774,198         1,106,110
85                      44,295          113,355         157,650
86                      31,040          75,103          106,143
87                      21,365          57,539          78,904
88                      23,883          61,851          85,734
89                      12,301          31,790          44,091
85–89                   132,884         339,638         472,522
90                      17,194          56,621          73,815
91                      5,082           13,869          18,951
92                      5,412           15,044          20,456
93                      4,405           12,832          17,237
94                      3,577           10,843          14,420
90–94                   35,670          109,209         144,879
95                      4,687           14,562          19,249
96                      3,253           9,743           12,996
97                      2,330           7,530           9,860
98                      2,787           8,593           11,380
99                      1,234           3,521           4,755
95–99                   14,291          43,949          58,240
100+                    5,430           16,265          21,695
возраст не указан       4,008           4,354           8,362

