# # Таблица построена модулем rtss.rosbris1959.ExportMortalityTables по данным в РосБРИС для РСФСР 1999
# Возраст в годах, Числа доживающих до возраста х лет, Числа умирающих при переходе от возраста x к возрасту х+1 лет, Вероятность умереть в течение предстоящего года жизни, Вероятность дожить до возраста х+1 лет, Числа живущих в возрасте х лет, Числа прожитых человеколет, Средняя продолжительность предстоящей жизни
# x, lx, dx, qx, px, Lx, Tx, ex

0       100000  1660    0.01660 0.98340 99170   6594589 65.95
1       98340   181     0.00184 0.99816 98250   6495419 66.05
2       98159   99      0.00100 0.99900 98110   6397169 65.17
3       98060   71      0.00073 0.99927 98025   6299060 64.24
4       97989   64      0.00065 0.99935 97957   6201035 63.28
5       97925   53      0.00054 0.99946 97898   6103078 62.32
6       97872   46      0.00047 0.99953 97849   6005181 61.36
7       97826   49      0.00050 0.99950 97802   5907332 60.39
8       97777   50      0.00051 0.99949 97752   5809530 59.42
9       97727   47      0.00048 0.99952 97703   5711778 58.45
10      97680   40      0.00041 0.99959 97660   5614075 57.47
11      97640   38      0.00039 0.99961 97621   5516415 56.50
12      97602   43      0.00044 0.99956 97581   5418794 55.52
13      97559   47      0.00048 0.99952 97536   5321213 54.54
14      97512   56      0.00057 0.99943 97485   5223677 53.57
15      97456   74      0.00076 0.99924 97421   5126192 52.60
16      97382   107     0.00110 0.99890 97331   5028771 51.64
17      97275   141     0.00145 0.99855 97207   4931440 50.70
18      97134   167     0.00172 0.99828 97053   4834233 49.77
19      96967   201     0.00207 0.99793 96869   4737180 48.85
20      96766   235     0.00243 0.99757 96651   4640311 47.95
21      96531   257     0.00267 0.99733 96404   4543660 47.07
22      96274   275     0.00286 0.99714 96138   4447256 46.19
23      95999   286     0.00298 0.99702 95857   4351118 45.32
24      95713   299     0.00313 0.99687 95564   4255261 44.46
25      95414   301     0.00316 0.99684 95264   4159697 43.60
26      95113   299     0.00315 0.99685 94964   4064433 42.73
27      94814   310     0.00327 0.99673 94660   3969469 41.87
28      94504   320     0.00339 0.99661 94345   3874809 41.00
29      94184   325     0.00345 0.99655 94023   3780465 40.14
30      93859   362     0.00386 0.99614 93680   3686442 39.28
31      93497   363     0.00388 0.99612 93316   3592762 38.43
32      93134   374     0.00401 0.99599 92948   3499446 37.57
33      92760   390     0.00420 0.99580 92566   3406498 36.72
34      92370   404     0.00437 0.99563 92170   3313932 35.88
35      91966   438     0.00476 0.99524 91749   3221762 35.03
36      91528   442     0.00482 0.99518 91308   3130013 34.20
37      91086   472     0.00518 0.99482 90852   3038705 33.36
38      90614   491     0.00542 0.99458 90371   2947853 32.53
39      90123   530     0.00589 0.99411 89862   2857482 31.71
40      89593   598     0.00668 0.99332 89297   2767619 30.89
41      88995   600     0.00675 0.99325 88696   2678322 30.10
42      88395   619     0.00700 0.99300 88088   2589626 29.30
43      87776   670     0.00764 0.99236 87446   2501538 28.50
44      87106   727     0.00835 0.99165 86748   2414092 27.71
45      86379   793     0.00918 0.99082 85986   2327345 26.94
46      85586   810     0.00947 0.99053 85184   2241359 26.19
47      84776   874     0.01030 0.98970 84343   2156175 25.43
48      83902   909     0.01084 0.98916 83451   2071831 24.69
49      82993   957     0.01153 0.98847 82524   1988380 23.96
50      82036   1137    0.01386 0.98614 81469   1905856 23.23
51      80899   986     0.01219 0.98781 80409   1824388 22.55
52      79913   1216    0.01522 0.98478 79310   1743978 21.82
53      78697   1117    0.01419 0.98581 78141   1664668 21.15
54      77580   1264    0.01629 0.98371 76958   1586528 20.45
55      76316   1359    0.01781 0.98219 75634   1509569 19.78
56      74957   1199    0.01599 0.98401 74363   1433936 19.13
57      73758   1486    0.02014 0.97986 73024   1359573 18.43
58      72272   1409    0.01950 0.98050 71568   1286549 17.80
59      70863   1486    0.02097 0.97903 70131   1214982 17.15
60      69377   1675    0.02414 0.97586 68545   1144851 16.50
61      67702   1610    0.02377 0.97623 66900   1076306 15.90
62      66092   1736    0.02626 0.97374 65233   1009406 15.27
63      64356   1823    0.02833 0.97167 63451   944173  14.67
64      62533   1885    0.03015 0.96985 61594   880723  14.08
65      60648   1903    0.03138 0.96862 59701   819129  13.51
66      58745   1996    0.03398 0.96602 57756   759428  12.93
67      56749   2107    0.03713 0.96287 55702   701672  12.36
68      54642   2153    0.03939 0.96061 53571   645970  11.82
69      52489   2233    0.04254 0.95746 51379   592399  11.29
70      50256   2313    0.04603 0.95397 49106   541020  10.77
71      47943   2395    0.04995 0.95005 46748   491914  10.26
72      45548   2371    0.05205 0.94795 44362   445166  9.77
73      43177   2389    0.05534 0.94466 41984   400804  9.28
74      40788   2413    0.05916 0.94084 39587   358820  8.80
75      38375   2529    0.06589 0.93411 37111   319232  8.32
76      35846   2417    0.06743 0.93257 34636   282122  7.87
77      33429   2497    0.07469 0.92531 32185   247485  7.40
78      30932   2528    0.08173 0.91827 29670   215300  6.96
79      28404   2536    0.08928 0.91072 27143   185631  6.54
80      25868   2691    0.10401 0.89599 24518   158488  6.13
81      23177   2434    0.10502 0.89498 21946   133970  5.78
82      20743   2354    0.11350 0.88650 19563   112024  5.40
83      18389   2362    0.12844 0.87156 17205   92461   5.03
84      16027   2283    0.14245 0.85755 14877   75256   4.70
85      13744   2148    0.15627 0.84373 12655   60379   4.39
86      11596   1912    0.16488 0.83512 10625   47725   4.12
87      9684    1780    0.18385 0.81615 8779    37100   3.83
88      7904    1557    0.19697 0.80303 7109    28321   3.58
89      6347    1379    0.21721 0.78279 5640    21212   3.34
90      4968    1147    0.23092 0.76908 4378    15571   3.13
91      3821    975     0.25522 0.74478 3318    11194   2.93
92      2846    779     0.27355 0.72645 2439    7876    2.77
93      2067    563     0.27215 0.72785 1771    5436    2.63
94      1504    438     0.29094 0.70906 1275    3665    2.44
95      1066    334     0.31376 0.68624 890     2390    2.24
96      732     232     0.31663 0.68337 609     1499    2.05
97      500     160     0.31918 0.68082 416     890     1.78
98      340     139     0.41015 0.58985 269     474     1.39
99      201     117     0.58158 0.41842 138     206     1.02
100     84      24      0.28575 0.71425 68      68      0.81
