# # Таблица построена модулем rtss.rosbris1959.ExportMortalityTables по данным в РосБРИС для РСФСР 1999
# Возраст в годах, Числа доживающих до возраста х лет, Числа умирающих при переходе от возраста x к возрасту х+1 лет, Вероятность умереть в течение предстоящего года жизни, Вероятность дожить до возраста х+1 лет, Числа живущих в возрасте х лет, Числа прожитых человеколет, Средняя продолжительность предстоящей жизни
# x, lx, dx, qx, px, Lx, Tx, ex

0       100000  1599    0.01599 0.98401 99201   7176863 71.77
1       98401   254     0.00258 0.99742 98274   7077663 71.93
2       98147   138     0.00140 0.99860 98078   6979389 71.11
3       98009   82      0.00084 0.99916 97968   6881311 70.21
4       97927   58      0.00059 0.99941 97898   6783343 69.27
5       97869   58      0.00059 0.99941 97840   6685445 68.31
6       97811   49      0.00050 0.99950 97786   6587605 67.35
7       97762   38      0.00038 0.99962 97743   6489819 66.38
8       97724   45      0.00046 0.99954 97702   6392077 65.41
9       97679   46      0.00047 0.99953 97655   6294375 64.44
10      97633   32      0.00032 0.99968 97616   6196719 63.47
11      97601   30      0.00031 0.99969 97586   6099103 62.49
12      97571   35      0.00036 0.99964 97554   6001517 61.51
13      97536   40      0.00041 0.99959 97516   5903963 60.53
14      97496   46      0.00047 0.99953 97474   5806446 59.56
15      97450   65      0.00067 0.99933 97419   5708972 58.58
16      97385   82      0.00084 0.99916 97346   5611553 57.62
17      97303   107     0.00110 0.99890 97251   5514208 56.67
18      97196   122     0.00126 0.99874 97136   5416957 55.73
19      97074   126     0.00130 0.99870 97012   5319821 54.80
20      96948   138     0.00143 0.99857 96879   5222809 53.87
21      96810   133     0.00138 0.99862 96743   5125930 52.95
22      96677   127     0.00132 0.99868 96613   5029187 52.02
23      96550   128     0.00133 0.99867 96486   4932573 51.09
24      96422   115     0.00119 0.99881 96365   4836088 50.16
25      96307   129     0.00134 0.99866 96243   4739723 49.21
26      96178   125     0.00130 0.99870 96115   4643480 48.28
27      96053   125     0.00130 0.99870 95991   4547365 47.34
28      95928   141     0.00147 0.99853 95858   4451374 46.40
29      95787   143     0.00149 0.99851 95716   4355516 45.47
30      95644   152     0.00159 0.99841 95569   4259800 44.54
31      95492   157     0.00164 0.99836 95414   4164231 43.61
32      95335   162     0.00170 0.99830 95255   4068817 42.68
33      95173   179     0.00188 0.99812 95084   3973562 41.75
34      94994   167     0.00176 0.99824 94911   3878479 40.83
35      94827   196     0.00207 0.99793 94731   3783567 39.90
36      94631   207     0.00218 0.99782 94528   3688837 38.98
37      94424   211     0.00224 0.99776 94320   3594309 38.07
38      94213   243     0.00258 0.99742 94093   3499989 37.15
39      93970   251     0.00267 0.99733 93846   3405896 36.24
40      93719   267     0.00285 0.99715 93588   3312050 35.34
41      93452   309     0.00331 0.99669 93299   3218462 34.44
42      93143   306     0.00329 0.99671 92991   3125163 33.55
43      92837   328     0.00353 0.99647 92677   3032172 32.66
44      92509   395     0.00426 0.99574 92315   2939495 31.78
45      92114   402     0.00436 0.99564 91916   2847181 30.91
46      91712   457     0.00498 0.99502 91487   2755265 30.04
47      91255   481     0.00527 0.99473 91017   2663779 29.19
48      90774   517     0.00569 0.99431 90520   2572762 28.34
49      90257   582     0.00645 0.99355 89971   2482242 27.50
50      89675   636     0.00709 0.99291 89359   2392271 26.68
51      89039   639     0.00718 0.99282 88725   2302911 25.86
52      88400   756     0.00855 0.99145 88025   2214187 25.05
53      87644   717     0.00819 0.99181 87290   2126162 24.26
54      86927   868     0.00998 0.99002 86499   2038872 23.45
55      86059   865     0.01005 0.98995 85624   1952372 22.69
56      85194   800     0.00939 0.99061 84799   1866749 21.91
57      84394   987     0.01169 0.98831 83907   1781950 21.11
58      83407   953     0.01143 0.98857 82931   1698043 20.36
59      82454   1008    0.01222 0.98778 81958   1615111 19.59
60      81446   1140    0.01399 0.98601 80881   1533154 18.82
61      80306   1138    0.01417 0.98583 79743   1452272 18.08
62      79168   1283    0.01620 0.98380 78535   1372529 17.34
63      77885   1340    0.01721 0.98279 77223   1293994 16.61
64      76545   1477    0.01929 0.98071 75814   1216771 15.90
65      75068   1511    0.02013 0.97987 74318   1140958 15.20
66      73557   1617    0.02198 0.97802 72760   1066639 14.50
67      71940   1790    0.02488 0.97512 71055   993879  13.82
68      70150   1848    0.02635 0.97365 69236   922825  13.16
69      68302   2037    0.02982 0.97018 67296   853588  12.50
70      66265   2148    0.03241 0.96759 65201   786292  11.87
71      64117   2279    0.03554 0.96446 62987   721091  11.25
72      61838   2364    0.03822 0.96178 60667   658105  10.64
73      59474   2551    0.04289 0.95711 58211   597437  10.05
74      56923   2652    0.04659 0.95341 55615   539227  9.47
75      54271   2977    0.05486 0.94514 52795   483612  8.91
76      51294   2950    0.05752 0.94248 49827   430817  8.40
77      48344   3179    0.06575 0.93425 46767   380990  7.88
78      45165   3238    0.07169 0.92831 43552   334223  7.40
79      41927   3334    0.07953 0.92047 40275   290671  6.93
80      38593   3600    0.09328 0.90672 36796   250396  6.49
81      34993   3397    0.09708 0.90292 33278   213600  6.10
82      31596   3209    0.10157 0.89843 29987   180322  5.71
83      28387   3295    0.11608 0.88392 26743   150335  5.30
84      25092   3295    0.13131 0.86869 23439   123592  4.93
85      21797   3164    0.14514 0.85486 20196   100152  4.59
86      18633   2844    0.15263 0.84737 17193   79956   4.29
87      15789   2733    0.17308 0.82692 14406   62763   3.98
88      13056   2436    0.18661 0.81339 11817   48358   3.70
89      10620   2234    0.21035 0.78965 9478    36541   3.44
90      8386    1828    0.21794 0.78206 7446    27063   3.23
91      6558    1606    0.24490 0.75510 5734    19617   2.99
92      4952    1316    0.26567 0.73433 4268    13883   2.80
93      3636    987     0.27139 0.72861 3120    9615    2.64
94      2649    772     0.29158 0.70842 2246    6495    2.45
95      1877    589     0.31378 0.68622 1567    4249    2.26
96      1288    411     0.31941 0.68059 1069    2681    2.08
97      877     268     0.30608 0.69392 736     1612    1.84
98      609     243     0.39891 0.60109 485     876     1.44
99      366     200     0.54579 0.45421 258     392     1.07
100     166     51      0.30851 0.69149 134     134     0.80
