# # Таблица построена модулем rtss.rosbris1959.ExportMortalityTables по данным в РосБРИС для РСФСР 2022
# Возраст в годах, Числа доживающих до возраста х лет, Числа умирающих при переходе от возраста x к возрасту х+1 лет, Вероятность умереть в течение предстоящего года жизни, Вероятность дожить до возраста х+1 лет, Числа живущих в возрасте х лет, Числа прожитых человеколет, Средняя продолжительность предстоящей жизни
# x, lx, dx, qx, px, Lx, Tx, ex

0       100000  465     0.00465 0.99535 99768   6791369 67.91
1       99535   44      0.00045 0.99955 99513   6691601 67.23
2       99491   30      0.00030 0.99970 99476   6592088 66.26
3       99461   25      0.00025 0.99975 99449   6492612 65.28
4       99436   18      0.00019 0.99981 99427   6393164 64.29
5       99418   18      0.00018 0.99982 99409   6293737 63.31
6       99400   18      0.00018 0.99982 99391   6194328 62.32
7       99382   16      0.00016 0.99984 99374   6094937 61.33
8       99366   16      0.00016 0.99984 99358   5995563 60.34
9       99350   15      0.00015 0.99985 99343   5896205 59.35
10      99335   18      0.00018 0.99982 99326   5796862 58.36
11      99317   21      0.00021 0.99979 99307   5697536 57.37
12      99296   22      0.00022 0.99978 99285   5598229 56.38
13      99274   29      0.00029 0.99971 99260   5498944 55.39
14      99245   38      0.00039 0.99961 99227   5399684 54.41
15      99207   48      0.00048 0.99952 99184   5300457 53.43
16      99159   50      0.00050 0.99950 99135   5201274 52.45
17      99109   60      0.00061 0.99939 99081   5102139 51.48
18      99049   91      0.00092 0.99908 99006   5003058 50.51
19      98958   117     0.00118 0.99882 98902   4904053 49.56
20      98841   155     0.00156 0.99844 98766   4805150 48.61
21      98686   166     0.00168 0.99832 98603   4706385 47.69
22      98520   158     0.00161 0.99839 98442   4607782 46.77
23      98362   182     0.00185 0.99815 98272   4509340 45.84
24      98180   190     0.00193 0.99807 98087   4411068 44.93
25      97990   222     0.00226 0.99774 97880   4312981 44.01
26      97768   210     0.00215 0.99785 97664   4215101 43.11
27      97558   240     0.00245 0.99755 97440   4117437 42.21
28      97318   266     0.00273 0.99727 97186   4019997 41.31
29      97052   273     0.00282 0.99718 96917   3922811 40.42
30      96779   302     0.00313 0.99687 96630   3825894 39.53
31      96477   309     0.00321 0.99679 96324   3729264 38.65
32      96168   333     0.00347 0.99653 96005   3632940 37.78
33      95835   385     0.00402 0.99598 95646   3536936 36.91
34      95450   424     0.00444 0.99556 95241   3441290 36.05
35      95026   462     0.00486 0.99514 94797   3346048 35.21
36      94564   467     0.00494 0.99506 94332   3251252 34.38
37      94097   506     0.00538 0.99462 93849   3156919 33.55
38      93591   578     0.00618 0.99382 93307   3063071 32.73
39      93013   637     0.00684 0.99316 92699   2969763 31.93
40      92376   678     0.00734 0.99266 92038   2877064 31.15
41      91698   671     0.00732 0.99268 91365   2785026 30.37
42      91027   730     0.00802 0.99198 90667   2693661 29.59
43      90297   801     0.00887 0.99113 89900   2602994 28.83
44      89496   823     0.00919 0.99081 89087   2513094 28.08
45      88673   863     0.00974 0.99026 88244   2424007 27.34
46      87810   875     0.00997 0.99003 87373   2335763 26.60
47      86935   883     0.01016 0.98984 86496   2248390 25.86
48      86052   943     0.01095 0.98905 85584   2161893 25.12
49      85109   975     0.01146 0.98854 84626   2076309 24.40
50      84134   1051    0.01249 0.98751 83609   1991683 23.67
51      83083   979     0.01178 0.98822 82592   1908074 22.97
52      82104   1009    0.01229 0.98771 81605   1825482 22.23
53      81095   1099    0.01355 0.98645 80553   1743878 21.50
54      79996   1200    0.01500 0.98500 79404   1663324 20.79
55      78796   1296    0.01644 0.98356 78152   1583920 20.10
56      77500   1285    0.01658 0.98342 76861   1505769 19.43
57      76215   1381    0.01812 0.98188 75532   1428908 18.75
58      74834   1463    0.01955 0.98045 74111   1353376 18.09
59      73371   1575    0.02146 0.97854 72594   1279265 17.44
60      71796   1709    0.02380 0.97620 70948   1206671 16.81
61      70087   1724    0.02460 0.97540 69230   1135724 16.20
62      68363   1839    0.02690 0.97310 67453   1066493 15.60
63      66524   1955    0.02939 0.97061 65554   999040  15.02
64      64569   2025    0.03137 0.96863 63559   933486  14.46
65      62544   2021    0.03232 0.96768 61536   869927  13.91
66      60523   2093    0.03458 0.96542 59484   808390  13.36
67      58430   2189    0.03746 0.96254 57343   748907  12.82
68      56241   2268    0.04033 0.95967 55111   691564  12.30
69      53973   2295    0.04253 0.95747 52835   636453  11.79
70      51678   2484    0.04806 0.95194 50439   583618  11.29
71      49194   2371    0.04819 0.95181 48003   533179  10.84
72      46823   2356    0.05031 0.94969 45655   485176  10.36
73      44467   2604    0.05855 0.94145 43164   439521  9.88
74      41863   2339    0.05588 0.94412 40699   396357  9.47
75      39524   2740    0.06934 0.93066 38146   355658  9.00
76      36784   2143    0.05825 0.94175 35688   317512  8.63
77      34641   2148    0.06200 0.93800 33577   281824  8.14
78      32493   2383    0.07334 0.92666 31300   248247  7.64
79      30110   2100    0.06976 0.93024 29075   216947  7.21
80      28010   2753    0.09829 0.90171 26647   187872  6.71
81      25257   2429    0.09617 0.90383 24029   161225  6.38
82      22828   2426    0.10625 0.89375 21617   137196  6.01
83      20402   2468    0.12096 0.87904 19161   115579  5.67
84      17934   2265    0.12628 0.87372 16788   96418   5.38
85      15669   2137    0.13641 0.86359 14586   79630   5.08
86      13532   1905    0.14075 0.85925 12563   65045   4.81
87      11627   1741    0.14973 0.85027 10744   52482   4.51
88      9886    1601    0.16190 0.83810 9072    41738   4.22
89      8285    1424    0.17186 0.82814 7562    32666   3.94
90      6861    1335    0.19460 0.80540 6183    25104   3.66
91      5526    1169    0.21150 0.78850 4927    18921   3.42
92      4357    998     0.22902 0.77098 3847    13993   3.21
93      3359    904     0.26909 0.73091 2893    10146   3.02
94      2455    664     0.27039 0.72961 2105    7253    2.95
95      1791    479     0.26766 0.73234 1538    5148    2.87
96      1312    348     0.26535 0.73465 1127    3610    2.75
97      964     218     0.22613 0.77387 847     2483    2.58
98      746     159     0.21359 0.78641 662     1636    2.19
99      587     103     0.17518 0.82482 532     974     1.66
100     484     82      0.16954 0.83046 442     442     0.91
