# age, male, female, both genders

Всего                   24,772,103      31,151,138      55,923,241
0                       734,355         709,012         1,443,367
1                       749,187         720,005         1,469,192
2                       737,650         710,203         1,447,853
3                       736,135         708,664         1,444,799
4                       742,533         718,266         1,460,799
0–4                     3,699,860       3,566,150       7,266,010
5                       678,032         653,916         1,331,948
6                       688,868         663,814         1,352,682
7                       659,896         639,060         1,298,956
8                       649,213         630,372         1,279,585
9                       649,315         631,618         1,280,933
5–9                     3,325,324       3,218,780       6,544,104
10                      608,600         588,243         1,196,843
11                      514,435         502,940         1,017,375
12                      512,737         489,546         1,002,283
13                      275,099         262,705         537,804
14                      214,750         199,072         413,822
10–14                   2,125,621       2,042,506       4,168,127
15                      207,307         193,184         400,491
16                      316,264         305,968         622,232
17                      492,924         487,019         979,943
18                      525,931         506,124         1,032,055
19                      562,849         501,374         1,064,223
15–19                   2,105,275       1,993,669       4,098,944
20                      606,530         560,462         1,166,992
21                      565,229         488,105         1,053,334
22                      520,412         492,539         1,012,951
23                      449,426         427,981         877,407
24                      375,626         371,241         746,867
20–24                   2,517,223       2,340,328       4,857,551
25                      382,404         384,509         766,913
26                      449,176         461,510         910,686
27                      438,136         430,211         868,347
28                      543,994         542,706         1,086,700
29                      481,346         499,548         980,894
25–29                   2,295,056       2,318,484       4,613,540
30                      558,658         622,037         1,180,695
31                      444,489         489,412         933,901
32                      424,612         537,871         962,483
33                      344,247         470,399         814,646
34                      319,041         468,655         787,696
30–34                   2,091,047       2,588,374       4,679,421
35                      276,738         426,527         703,265
36                      224,183         369,810         593,993
37                      187,275         288,700         475,975
38                      193,506         312,401         505,907
39                      170,829         281,797         452,626
35–39                   1,052,531       1,679,235       2,731,766
40                      235,012         400,542         635,554
41                      139,964         226,977         366,941
42                      162,493         294,009         456,502
43                      189,813         352,878         542,691
44                      231,548         457,923         689,471
40–44                   958,830         1,732,329       2,691,159
45                      230,023         425,873         655,896
46                      235,584         468,559         704,143
47                      210,922         389,333         600,255
48                      243,606         492,997         736,603
49                      194,355         351,615         545,970
45–49                   1,114,490       2,128,377       3,242,867
50                      221,149         423,861         645,010
51                      188,325         350,195         538,520
52                      196,952         367,786         564,738
53                      175,496         342,330         517,826
54                      173,292         344,817         518,109
50–54                   955,214         1,828,989       2,784,203
55                      166,885         395,151         562,036
56                      149,072         364,335         513,407
57                      107,383         275,848         383,231
58                      150,296         409,230         559,526
59                      107,470         219,786         327,256
55–59                   681,106         1,664,350       2,345,456
60                      133,105         323,620         456,725
61                      104,084         203,811         307,895
62                      123,079         256,623         379,702
63                      120,587         248,051         368,638
64                      111,253         222,985         334,238
60–64                   592,108         1,255,090       1,847,198
65                      119,248         250,560         369,808
66                      103,514         214,345         317,859
67                      91,290          198,287         289,577
68                      94,293          197,304         291,597
69                      63,594          135,940         199,534
65–69                   471,939         996,436         1,468,375
70                      108,027         277,668         385,695
71                      68,255          125,996         194,251
72                      75,298          161,470         236,768
73                      67,455          147,144         214,599
74                      61,517          130,477         191,994
70–74                   380,552         842,755         1,223,307
75                      64,096          153,110         217,206
76                      51,846          110,930         162,776
77                      40,400          92,565          132,965
78                      45,158          96,678          141,836
79                      28,052          54,248          82,300
75–79                   229,552         507,531         737,083
80                      36,153          108,718         144,871
81                      21,152          36,330          57,482
82                      21,346          45,809          67,155
83                      17,710          39,823          57,533
84                      14,399          32,921          47,320
80–84                   110,760         263,601         374,361
85                      14,837          40,492          55,329
86                      10,838          26,184          37,022
87                      7,575           20,719          28,294
88                      8,584           22,161          30,745
89                      4,181           11,013          15,194
85–89                   46,015          120,569         166,584
90                      5,472           20,823          26,295
91                      1,677           4,566           6,243
92                      1,937           5,376           7,313
93                      1,612           4,746           6,358
94                      1,241           3,975           5,216
90–94                   11,939          39,486          51,425
95                      1,484           5,345           6,829
96                      1,121           3,794           4,915
97                      850             2,979           3,829
98                      947             3,264           4,211
99                      482             1,443           1,925
95–99                   4,884           16,825          21,709
100+                    1,679           6,072           7,751
возраст не указан       1,098           1,202           2,300

