# age, both genders, male, female

0                               2,640,400       1,339,033       1,301,367
1                               2,113,437       1,066,411       1,047,026
2                               1,922,912       968,234         954,678
3                               1,747,333       877,793         869,540
4                               1,532,194       768,327         763,867
5                               1,432,254       719,674         712,580
6                               1,657,002       826,902         830,100
7                               1,911,703       947,291         964,412
8                               2,091,706       1,040,073       1,051,633
9                               1,828,265       905,845         922,420
итого  от 1 года до 9 лет:      16,236,806      8,120,550       8,116,256
10                              2,158,158       1,069,641       1,088,517
11                              2,030,316       1,008,157       1,022,159
12                              2,314,964       1,163,909       1,151,055
13                              2,022,332       1,015,488       1,006,844
14                              1,854,167       930,950         923,217
15                              1,620,198       822,185         798,013
16                              1,320,482       659,807         660,675
17                              1,049,224       520,285         528,939
18                              1,008,772       483,373         525,399
19                              914,261         422,478         491,783
итого от 10 до 19 лет:          16,292,874      8,096,273       8,196,601
20                              1,143,402       558,661         584,741
21                              738,050         368,922         369,128
22                              926,045         425,927         500,118
23                              1,080,702       496,377         584,325
24                              1,290,260       594,600         695,660
25                              1,245,447       584,225         661,222
26                              1,293,378       598,284         695,094
27                              1,171,105       557,824         613,281
28                              1,342,491       639,654         702,837
29                              1,019,521       496,985         522,536
итого от 20 до 29 лет:          11,250,401      5,321,459       5,928,942
30                              1,214,239       577,255         636,984
31                              983,246         498,081         485,165
32                              1,113,370       553,083         560,287
33                              1,014,560       486,670         527,890
34                              1,008,297       491,235         517,062
35                              1,007,138       475,122         532,016
36                              927,605         432,035         495,570
37                              759,762         315,798         443,964
38                              1,064,134       476,615         587,519
39                              749,332         339,796         409,536
итого от 30 до 39 лет:          9,841,683       4,645,690       5,195,993
40                              826,128         351,811         474,317
41                              589,189         273,397         315,792
42                              714,480         318,468         396,012
43                              629,350         279,942         349,408
44                              570,521         250,996         319,525
45                              669,488         281,781         387,707
46                              542,461         238,347         304,114
47                              488,292         201,778         286,514
48                              595,181         256,411         338,770
49                              478,044         197,754         280,290
итого от 40 до 49 лет:          6,103,134       2,650,685       3,452,449
50                              650,280         267,877         382,403
51                              388,275         181,079         207,196
52                              470,467         210,791         259,676
53                              443,993         195,138         248,855
54                              449,902         186,394         263,508
55                              626,042         206,294         419,748
56                              499,107         177,461         321,646
57                              398,183         137,783         260,400
58                              440,325         171,040         269,285
59                              362,619         143,485         219,134
итого от 50 до 59 лет:          4,729,193       1,877,342       2,851,851
60                              563,122         196,260         366,862
61                              335,054         147,346         187,708
62                              406,789         166,450         240,339
63                              382,670         154,886         227,784
64                              325,478         130,823         194,655
65                              423,820         156,433         267,387
66                              345,149         135,199         209,950
67                              299,671         109,775         189,896
68                              265,218         110,019         155,199
69                              199,152         78,013          121,139
итого от 60 до 69 лет:          3,546,123       1,385,204       2,160,919
70                              319,139         102,803         216,336
71                              136,688         55,585          81,103
72                              178,365         71,236          107,129
73                              154,037         60,703          93,334
74                              124,204         48,854          75,350
75                              177,419         61,148          116,271
76                              106,899         40,811          66,088
77                              95,014          35,522          59,492
78                              94,161          37,078          57,083
79                              59,637          22,257          37,380
итого от 70 до 79 лет:          1,445,563       535,997         909,566
80                              112,322         32,053          80,269
81                              36,108          13,461          22,647
82                              41,020          15,065          25,955
83                              32,564          11,943          20,621
84                              26,382          9,505           16,877
85                              42,690          12,584          30,106
86                              20,117          6,925           13,192
87                              16,470          5,214           11,256
88                              15,889          5,306           10,583
89                              10,404          3,163           7,241
итого от 80 до 89 лет:          353,966         115,219         238,747
90                              20,729          5,074           15,655
91                              5,108           1,555           3,553
92                              5,053           1,596           3,457
93                              4,283           1,348           2,935
94                              3,226           1,070           2,156
95                              6,574           1,808           4,766
96                              3,593           1,118           2,475
97                              2,917           849             2,068
98                              3,070           945             2,125
99                              1,971           641             1,330
100+                            11,487          3,635           7,852
итого 90 лет и старше:          68,011          19,639          48,372
                        
unknown                         14,076          9,551           4,525
всего                           72,522,230      34,116,642      38,405,588
