# # Таблица построена модулем rtss.rosbris1959.ExportMortalityTables по данным в РосБРИС для РСФСР 2010
# Возраст в годах, Числа доживающих до возраста х лет, Числа умирающих при переходе от возраста x к возрасту х+1 лет, Вероятность умереть в течение предстоящего года жизни, Вероятность дожить до возраста х+1 лет, Числа живущих в возрасте х лет, Числа прожитых человеколет, Средняя продолжительность предстоящей жизни
# x, lx, dx, qx, px, Lx, Tx, ex

0       100000  640     0.00640 0.99360 99680   7538665 75.39
1       99360   64      0.00064 0.99936 99328   7438985 74.87
2       99296   36      0.00036 0.99964 99278   7339657 73.92
3       99260   29      0.00029 0.99971 99246   7240379 72.94
4       99231   25      0.00025 0.99975 99219   7141133 71.96
5       99206   28      0.00028 0.99972 99192   7041915 70.98
6       99178   20      0.00020 0.99980 99168   6942723 70.00
7       99158   21      0.00021 0.99979 99147   6843555 69.02
8       99137   19      0.00019 0.99981 99127   6744408 68.03
9       99118   19      0.00019 0.99981 99109   6645280 67.04
10      99099   19      0.00019 0.99981 99090   6546172 66.06
11      99080   19      0.00019 0.99981 99071   6447082 65.07
12      99061   21      0.00022 0.99978 99051   6348012 64.08
13      99040   27      0.00027 0.99973 99027   6248961 63.10
14      99013   30      0.00031 0.99969 98998   6149934 62.11
15      98983   36      0.00037 0.99963 98965   6050936 61.13
16      98947   36      0.00036 0.99964 98929   5951970 60.15
17      98911   42      0.00042 0.99958 98890   5853041 59.17
18      98869   44      0.00044 0.99956 98847   5754151 58.20
19      98825   50      0.00050 0.99950 98800   5655304 57.23
20      98775   55      0.00056 0.99944 98748   5556503 56.25
21      98720   62      0.00063 0.99937 98690   5457755 55.29
22      98658   68      0.00069 0.99931 98624   5359066 54.32
23      98590   72      0.00073 0.99927 98555   5260441 53.36
24      98518   82      0.00083 0.99917 98478   5161887 52.40
25      98436   91      0.00092 0.99908 98392   5063409 51.44
26      98345   108     0.00110 0.99890 98293   4965017 50.49
27      98237   127     0.00129 0.99871 98175   4866725 49.54
28      98110   138     0.00141 0.99859 98042   4768550 48.60
29      97972   148     0.00151 0.99849 97899   4670508 47.67
30      97824   161     0.00164 0.99836 97745   4572609 46.74
31      97663   172     0.00176 0.99824 97578   4474865 45.82
32      97491   185     0.00190 0.99810 97399   4377287 44.90
33      97306   181     0.00186 0.99814 97216   4279888 43.98
34      97125   187     0.00192 0.99808 97033   4182672 43.06
35      96938   209     0.00216 0.99784 96834   4085639 42.15
36      96729   208     0.00215 0.99785 96625   3988805 41.24
37      96521   215     0.00223 0.99777 96415   3892180 40.32
38      96306   235     0.00244 0.99756 96189   3795765 39.41
39      96071   235     0.00245 0.99755 95955   3699576 38.51
40      95836   261     0.00273 0.99727 95707   3603621 37.60
41      95575   272     0.00284 0.99716 95440   3507914 36.70
42      95303   289     0.00303 0.99697 95160   3412474 35.81
43      95014   298     0.00314 0.99686 94866   3317314 34.91
44      94716   307     0.00324 0.99676 94563   3222449 34.02
45      94409   319     0.00338 0.99662 94251   3127885 33.13
46      94090   341     0.00362 0.99638 93922   3033634 32.24
47      93749   370     0.00395 0.99605 93566   2939713 31.36
48      93379   398     0.00426 0.99574 93182   2846146 30.48
49      92981   412     0.00443 0.99557 92777   2752965 29.61
50      92569   455     0.00492 0.99508 92345   2660187 28.74
51      92114   493     0.00535 0.99465 91870   2567842 27.88
52      91621   514     0.00561 0.99439 91366   2475973 27.02
53      91107   537     0.00590 0.99410 90841   2384607 26.17
54      90570   579     0.00639 0.99361 90286   2293765 25.33
55      89991   664     0.00737 0.99263 89664   2203480 24.49
56      89327   702     0.00786 0.99214 88980   2113816 23.66
57      88625   752     0.00848 0.99152 88254   2024836 22.85
58      87873   818     0.00930 0.99070 87469   1936582 22.04
59      87055   869     0.00999 0.99001 86625   1849113 21.24
60      86186   928     0.01076 0.98924 85729   1762488 20.45
61      85258   1039    0.01219 0.98781 84740   1676759 19.67
62      84219   969     0.01151 0.98849 83742   1592019 18.90
63      83250   1221    0.01466 0.98534 82646   1508277 18.12
64      82029   1130    0.01378 0.98622 81467   1425631 17.38
65      80899   1287    0.01590 0.98410 80265   1344164 16.62
66      79612   1346    0.01690 0.98310 78940   1263899 15.88
67      78266   1321    0.01688 0.98312 77618   1184959 15.14
68      76945   1647    0.02141 0.97859 76132   1107341 14.39
69      75298   1576    0.02093 0.97907 74516   1031209 13.70
70      73722   1792    0.02431 0.97569 72845   956693  12.98
71      71930   2039    0.02834 0.97166 70922   883847  12.29
72      69891   2063    0.02952 0.97048 68873   812926  11.63
73      67828   2355    0.03471 0.96529 66670   744053  10.97
74      65473   2539    0.03878 0.96122 64221   677383  10.35
75      62934   2779    0.04416 0.95584 61555   613161  9.74
76      60155   2796    0.04648 0.95352 58772   551606  9.17
77      57359   3145    0.05483 0.94517 55811   492834  8.59
78      54214   3378    0.06232 0.93768 52538   437023  8.06
79      50836   3462    0.06811 0.93189 49113   384485  7.56
80      47374   3572    0.07539 0.92461 45599   335372  7.08
81      43802   3720    0.08494 0.91506 41954   289773  6.62
82      40082   3868    0.09651 0.90349 38152   247819  6.18
83      36214   3825    0.10563 0.89437 34295   209666  5.79
84      32389   3722    0.11493 0.88507 30520   175371  5.41
85      28667   3625    0.12645 0.87355 26846   144851  5.05
86      25042   3528    0.14089 0.85911 23259   118005  4.71
87      21514   3171    0.14739 0.85261 19910   94746   4.40
88      18343   3085    0.16819 0.83181 16782   74836   4.08
89      15258   2727    0.17874 0.82126 13872   58054   3.80
90      12531   2548    0.20335 0.79665 11236   44182   3.53
91      9983    2219    0.22229 0.77771 8841    32946   3.30
92      7764    1763    0.22703 0.77297 6853    24105   3.10
93      6001    1516    0.25262 0.74738 5219    17252   2.87
94      4485    1195    0.26650 0.73350 3863    12033   2.68
95      3290    931     0.28301 0.71699 2804    8169    2.48
96      2359    705     0.29877 0.70123 1989    5365    2.27
97      1654    500     0.30235 0.69765 1390    3377    2.04
98      1154    365     0.31655 0.68345 964     1987    1.72
99      789     311     0.39425 0.60575 624     1023    1.30
100     478     140     0.29204 0.70796 399     399     0.84
