# age, both genders, male, female

# Таблица построена дезагрегацией данных АДХ при помощи модуля rtss.data.population.synthetic.PopulationADH

0    2,568,854       1,308,401       1,260,453      
1    2,552,227       1,294,585       1,257,643      
2    2,533,677       1,279,453       1,254,224      
3    2,515,050       1,264,268       1,250,782      
4    2,498,192       1,250,294       1,247,898      
5    2,484,951       1,238,795       1,246,157      
6    2,477,174       1,231,034       1,246,140      
7    2,478,243       1,229,221       1,249,021      
8    2,521,015       1,251,407       1,269,608      
9    2,613,618       1,300,544       1,313,074      
10   2,716,793       1,355,207       1,361,587      
11   2,789,307       1,393,095       1,396,212      
12   2,780,099       1,386,897       1,393,201      
13   2,634,863       1,310,846       1,324,017      
14   2,392,938       1,185,955       1,206,983      
15   2,116,630       1,043,274       1,073,356      
16   1,868,246       913,851         954,395        
17   1,710,095       828,735         881,360        
18   1,683,949       810,213         873,736        
19   1,728,081       825,927         902,154        
20   1,797,213       852,355         944,858        
21   1,867,676       880,570         987,107        
22   1,916,884       902,218         1,014,666      
23   1,953,096       924,065         1,029,031      
24   1,996,129       954,792         1,041,337      
25   2,037,660       986,598         1,051,062      
26   2,067,703       1,010,773       1,056,930      
27   2,074,737       1,018,440       1,056,297      
28   2,037,259       1,001,513       1,035,746      
29   1,958,642       963,677         994,965        
30   1,858,806       914,400         944,406        
31   1,757,896       863,245         894,651        
32   1,675,468       819,427         856,041        
33   1,612,004       781,581         830,423        
34   1,552,826       742,347         810,480        
35   1,494,914       702,561         792,353        
36   1,436,077       663,579         772,498        
37   1,374,024       626,678         747,346        
38   1,304,790       590,920         713,871        
39   1,229,195       555,262         673,932        
40   1,153,452       521,194         632,258        
41   1,084,002       490,341         593,661        
42   1,027,047       464,269         562,778        
43   981,400         442,608         538,792        
44   941,098         423,587         517,511        
45   905,481         406,715         498,766        
46   874,237         391,589         482,648        
47   847,071         377,831         469,240        
48   823,969         365,688         458,282        
49   804,242         355,178         449,064        
50   786,384         345,419         440,965        
51   768,854         335,485         433,369        
52   750,143         324,444         425,699        
53   729,833         311,512         418,321        
54   708,786         297,139         411,647        
55   687,498         282,489         405,009        
56   666,425         268,747         397,678        
57   646,016         257,091         388,925        
58   626,330         248,246         378,084        
59   606,731         241,426         365,304        
60   586,550         235,307         351,243        
61   565,124         228,553         336,571        
62   541,776         219,840         321,936        
63   515,657         208,404         307,253        
64   486,893         194,896         291,997        
65   456,514         180,317         276,197        
66   425,584         165,667         259,917        
67   395,087         151,904         243,183        
68   363,863         138,720         225,144        
69   330,952         125,392         205,559        
70   298,063         112,402         185,661        
71   267,048         100,298         166,750        
72   239,709         89,617          150,092        
73   216,179         80,425          135,754        
74   195,001         72,257          122,744        
75   175,548         64,825          110,723        
76   157,257         57,856          99,402         
77   139,528         51,063          88,465         
78   120,980         43,883          77,098         
79   101,687         36,374          65,313         
80   83,674          29,364          54,310         
81   69,053          23,713          45,340         
82   59,812          20,231          39,581         
83   54,290          18,253          36,038         
84   49,170          16,440          32,730         
85   43,050          14,272          28,778         
86   36,171          11,848          24,323         
87   30,146          9,757           20,389         
88   24,886          7,960           16,926         
89   20,312          6,422           13,890         
90   16,354          5,111           11,243         
91   12,949          4,001           8,948          
92   10,043          3,068           6,975          
93   7,587           2,292           5,295          
94   5,539           1,655           3,884          
95   3,862           1,141           2,721          
96   2,524           737             1,787          
97   1,497           431             1,065          
98   756             215             541            
99   280             78              202            
100  45              12              33             
