# age, both genders, male, female

# Таблица построена дезагрегацией данных АДХ при помощи модуля rtss.data.population.synthetic.PopulationADH

0    1,630,653       825,453         805,199        
1    2,127,097       1,071,385       1,055,713      
2    2,662,252       1,336,628       1,325,624      
3    3,198,954       1,602,643       1,596,311      
4    3,700,044       1,850,891       1,849,152      
5    4,128,359       2,062,834       2,065,525      
6    4,446,737       2,219,931       2,226,805      
7    4,618,014       2,303,642       2,314,373      
8    4,580,890       2,283,335       2,297,555      
9    4,286,000       2,136,258       2,149,742      
10   3,863,253       1,925,877       1,937,376      
11   3,474,907       1,730,310       1,744,596      
12   3,282,223       1,627,488       1,654,735      
13   3,376,014       1,667,990       1,708,024      
14   3,664,604       1,809,334       1,855,269      
15   4,014,781       1,978,625       2,036,156      
16   4,294,051       2,102,950       2,191,101      
17   4,377,042       2,115,346       2,261,696      
18   4,243,746       2,008,001       2,235,745      
19   3,978,380       1,823,078       2,155,302      
20   3,648,978       1,605,450       2,043,529      
21   3,321,653       1,399,990       1,921,664      
22   3,059,329       1,249,665       1,809,664      
23   2,833,738       1,140,824       1,692,915      
24   2,589,302       1,034,073       1,555,229      
25   2,358,539       938,420         1,420,119      
26   2,179,055       865,815         1,313,240      
27   2,088,478       828,207         1,260,271      
28   2,120,229       836,907         1,283,322      
29   2,258,698       887,650         1,371,048      
30   2,444,602       957,896         1,486,705      
31   2,615,568       1,023,398       1,592,169      
32   2,709,534       1,060,017       1,649,517      
33   2,708,987       1,061,655       1,647,332      
34   2,673,310       1,053,033       1,620,277      
35   2,621,383       1,039,954       1,581,428      
36   2,564,680       1,024,794       1,539,886      
37   2,513,846       1,009,518       1,504,328      
38   2,456,596       985,551         1,471,045      
39   2,377,495       946,182         1,431,313      
40   2,285,925       898,495         1,387,430      
41   2,192,638       850,282         1,342,356      
42   2,108,077       809,051         1,299,025      
43   2,032,770       773,661         1,259,109      
44   1,959,590       738,510         1,221,079      
45   1,887,626       705,013         1,182,613      
46   1,816,408       675,018         1,141,390      
47   1,745,226       650,377         1,094,849      
48   1,667,969       632,328         1,035,641      
49   1,582,771       619,264         963,507        
50   1,497,190       608,255         888,935        
51   1,419,229       596,339         822,890        
52   1,356,638       580,606         776,032        
53   1,308,716       560,133         748,582        
54   1,267,227       536,666         730,562        
55   1,228,517       511,516         717,002        
56   1,189,276       485,937         703,339        
57   1,146,280       461,128         685,153        
58   1,099,223       436,696         662,527        
59   1,050,703       411,724         638,979        
60   1,001,956       386,791         615,165        
61   954,105         362,565         591,540        
62   908,266         339,697         568,569        
63   865,032         318,240         546,793        
64   823,641         297,708         525,934        
65   782,972         277,935         505,037        
66   741,901         258,780         483,121        
67   699,306         240,105         459,200        
68   654,343         221,914         432,429        
69   607,479         204,266         403,213        
70   559,788         187,093         372,695        
71   512,360         170,323         342,036        
72   466,184         153,846         312,338        
73   419,709         136,773         282,936        
74   371,959         118,963         252,995        
75   325,370         101,734         223,637        
76   282,557         86,468          196,088        
77   245,969         74,488          171,481        
78   213,564         65,206          148,359        
79   182,540         57,104          125,436        
80   154,858         50,256          104,602        
81   132,743         44,828          87,915         
82   118,258         40,961          77,298         
83   108,687         37,972          70,715         
84   99,453          34,984          64,469         
85   86,613          30,407          56,206         
86   70,870          24,521          46,349         
87   57,228          19,438          37,790         
88   45,517          15,109          30,408         
89   35,572          11,480          24,092         
90   27,233          8,494           18,738         
91   20,342          6,089           14,253         
92   14,748          4,201           10,547         
93   10,304          2,763           7,541          
94   6,868           1,711           5,157          
95   4,302           978             3,324          
96   2,473           501             1,973          
97   1,253           218             1,035          
98   517             73              444            
99   145             15              130            
100  15              1               14             
