# # Таблица построена модулем rtss.rosbris1959.ExportMortalityTables по данным в РосБРИС для РСФСР 1996
# Возраст в годах, Числа доживающих до возраста х лет, Числа умирающих при переходе от возраста x к возрасту х+1 лет, Вероятность умереть в течение предстоящего года жизни, Вероятность дожить до возраста х+1 лет, Числа живущих в возрасте х лет, Числа прожитых человеколет, Средняя продолжительность предстоящей жизни
# x, lx, dx, qx, px, Lx, Tx, ex

0       100000  2162    0.02162 0.97838 98919   5844900 58.45
1       97838   292     0.00298 0.99702 97692   5745981 58.73
2       97546   141     0.00145 0.99855 97476   5648289 57.90
3       97405   116     0.00120 0.99880 97347   5550813 56.99
4       97289   96      0.00098 0.99902 97241   5453466 56.05
5       97193   78      0.00080 0.99920 97153   5356225 55.11
6       97115   78      0.00080 0.99920 97076   5259072 54.15
7       97037   84      0.00087 0.99913 96995   5161996 53.20
8       96953   78      0.00080 0.99920 96913   5065001 52.24
9       96875   68      0.00070 0.99930 96840   4968088 51.28
10      96807   59      0.00061 0.99939 96777   4871247 50.32
11      96748   64      0.00066 0.99934 96716   4774470 49.35
12      96684   63      0.00065 0.99935 96653   4677754 48.38
13      96621   72      0.00074 0.99926 96586   4581101 47.41
14      96549   87      0.00090 0.99910 96508   4484515 46.45
15      96462   123     0.00128 0.99872 96404   4388008 45.49
16      96339   176     0.00183 0.99817 96257   4291603 44.55
17      96163   256     0.00266 0.99734 96040   4195347 43.63
18      95907   305     0.00318 0.99682 95760   4099306 42.74
19      95602   389     0.00407 0.99593 95413   4003546 41.88
20      95213   441     0.00464 0.99536 94997   3908133 41.05
21      94772   504     0.00532 0.99468 94524   3813136 40.23
22      94268   531     0.00563 0.99437 94004   3718612 39.45
23      93737   528     0.00563 0.99437 93473   3624609 38.67
24      93209   523     0.00561 0.99439 92949   3531136 37.88
25      92686   555     0.00599 0.99401 92411   3438187 37.10
26      92131   585     0.00635 0.99365 91839   3345776 36.32
27      91546   570     0.00623 0.99377 91261   3253937 35.54
28      90976   574     0.00631 0.99369 90689   3162677 34.76
29      90402   579     0.00641 0.99359 90113   3071987 33.98
30      89823   597     0.00664 0.99336 89526   2981874 33.20
31      89226   626     0.00701 0.99299 88914   2892347 32.42
32      88600   629     0.00710 0.99290 88287   2803433 31.64
33      87971   669     0.00760 0.99240 87639   2715146 30.86
34      87302   683     0.00783 0.99217 86963   2627507 30.10
35      86619   724     0.00836 0.99164 86260   2540544 29.33
36      85895   746     0.00868 0.99132 85525   2454285 28.57
37      85149   796     0.00935 0.99065 84754   2368759 27.82
38      84353   828     0.00982 0.99018 83941   2284005 27.08
39      83525   848     0.01016 0.98984 83105   2200064 26.34
40      82677   914     0.01106 0.98894 82225   2116959 25.61
41      81763   971     0.01187 0.98813 81282   2034734 24.89
42      80792   1010    0.01251 0.98749 80292   1953453 24.18
43      79782   1086    0.01362 0.98638 79246   1873161 23.48
44      78696   1183    0.01504 0.98496 78110   1793915 22.80
45      77513   1219    0.01573 0.98427 76908   1715805 22.14
46      76294   1300    0.01703 0.98297 75653   1638896 21.48
47      74994   1430    0.01906 0.98094 74278   1563244 20.84
48      73564   1285    0.01747 0.98253 72928   1488965 20.24
49      72279   1585    0.02193 0.97807 71494   1416037 19.59
50      70694   1464    0.02070 0.97930 69963   1344543 19.02
51      69230   1600    0.02312 0.97688 68438   1274581 18.41
52      67630   1652    0.02443 0.97557 66799   1206143 17.83
53      65978   1477    0.02239 0.97761 65248   1139344 17.27
54      64501   1865    0.02892 0.97108 63580   1074096 16.65
55      62636   1758    0.02806 0.97194 61753   1010515 16.13
56      60878   1775    0.02915 0.97085 59996   948762  15.58
57      59103   1898    0.03211 0.96789 58156   888766  15.04
58      57205   1812    0.03168 0.96832 56300   830610  14.52
59      55393   1921    0.03469 0.96531 54441   774310  13.98
60      53472   2020    0.03778 0.96222 52469   719869  13.46
61      51452   2091    0.04063 0.95937 50405   667400  12.97
62      49361   1989    0.04029 0.95971 48364   616995  12.50
63      47372   2039    0.04303 0.95697 46357   568630  12.00
64      45333   2105    0.04642 0.95358 44284   522273  11.52
65      43228   2130    0.04928 0.95072 42166   477989  11.06
66      41098   2179    0.05301 0.94699 40010   435823  10.60
67      38919   2164    0.05561 0.94439 37840   395813  10.17
68      36755   2258    0.06144 0.93856 35626   357973  9.74
69      34497   2170    0.06291 0.93709 33410   322346  9.34
70      32327   2204    0.06818 0.93182 31223   288937  8.94
71      30123   2112    0.07011 0.92989 29064   257714  8.56
72      28011   2127    0.07594 0.92406 26945   228650  8.16
73      25884   2057    0.07947 0.92053 24854   201705  7.79
74      23827   2088    0.08763 0.91237 22776   176851  7.42
75      21739   1889    0.08688 0.91312 20784   154075  7.09
76      19850   1844    0.09289 0.90711 18931   133291  6.71
77      18006   1964    0.10909 0.89091 17022   114360  6.35
78      16042   1787    0.11139 0.88861 15133   97338   6.07
79      14255   1582    0.11098 0.88902 13456   82205   5.77
80      12673   1602    0.12641 0.87359 11869   68749   5.42
81      11071   1516    0.13693 0.86307 10305   56880   5.14
82      9555    1420    0.14863 0.85137 8834    46574   4.87
83      8135    1246    0.15317 0.84683 7502    37741   4.64
84      6889    1176    0.17074 0.82926 6290    30239   4.39
85      5713    970     0.16972 0.83028 5216    23949   4.19
86      4743    884     0.18629 0.81371 4294    18734   3.95
87      3859    790     0.20466 0.79534 3454    14440   3.74
88      3069    636     0.20714 0.79286 2741    10986   3.58
89      2433    552     0.22698 0.77302 2149    8245    3.39
90      1881    435     0.23146 0.76854 1655    6097    3.24
91      1446    358     0.24733 0.75267 1260    4441    3.07
92      1088    275     0.25280 0.74720 944     3181    2.92
93      813     205     0.25236 0.74764 706     2237    2.75
94      608     159     0.26099 0.73901 526     1531    2.52
95      449     139     0.30980 0.69020 378     1005    2.24
96      310     127     0.40812 0.59188 243     627     2.02
97      183     46      0.25315 0.74685 157     385     2.10
98      137     46      0.33373 0.66627 114     228     1.66
99      91      40      0.44154 0.55846 70      114     1.25
100     51      10      0.19899 0.80101 45      45      0.88
