# # Таблица построена модулем rtss.rosbris1959.ExportMortalityTables по данным в РосБРИС для РСФСР 1996
# Возраст в годах, Числа доживающих до возраста х лет, Числа умирающих при переходе от возраста x к возрасту х+1 лет, Вероятность умереть в течение предстоящего года жизни, Вероятность дожить до возраста х+1 лет, Числа живущих в возрасте х лет, Числа прожитых человеколет, Средняя продолжительность предстоящей жизни
# x, lx, dx, qx, px, Lx, Tx, ex

0       100000  1874    0.01874 0.98126 99063   6007919 60.08
1       98126   145     0.00147 0.99853 98054   5908856 60.22
2       97981   87      0.00089 0.99911 97938   5810803 59.31
3       97894   62      0.00064 0.99936 97863   5712865 58.36
4       97832   59      0.00060 0.99940 97803   5615002 57.39
5       97773   56      0.00057 0.99943 97745   5517200 56.43
6       97717   50      0.00051 0.99949 97692   5419455 55.46
7       97667   53      0.00054 0.99946 97641   5321763 54.49
8       97614   57      0.00059 0.99941 97585   5224123 53.52
9       97557   47      0.00049 0.99951 97533   5126537 52.55
10      97510   48      0.00049 0.99951 97486   5029004 51.57
11      97462   46      0.00048 0.99952 97439   4931518 50.60
12      97416   45      0.00046 0.99954 97394   4834079 49.62
13      97371   52      0.00053 0.99947 97346   4736686 48.65
14      97319   69      0.00071 0.99929 97286   4639340 47.67
15      97250   95      0.00097 0.99903 97206   4542053 46.70
16      97155   143     0.00147 0.99853 97088   4444848 45.75
17      97012   197     0.00203 0.99797 96918   4347760 44.82
18      96815   244     0.00252 0.99748 96697   4250842 43.91
19      96571   303     0.00313 0.99687 96423   4154145 43.02
20      96268   324     0.00336 0.99664 96108   4057722 42.15
21      95944   357     0.00373 0.99627 95768   3961614 41.29
22      95587   375     0.00393 0.99607 95400   3865846 40.44
23      95212   373     0.00391 0.99609 95026   3770446 39.60
24      94839   393     0.00414 0.99586 94644   3675420 38.75
25      94446   401     0.00424 0.99576 94246   3580776 37.91
26      94045   405     0.00430 0.99570 93844   3486530 37.07
27      93640   435     0.00464 0.99536 93425   3392686 36.23
28      93205   463     0.00496 0.99504 92976   3299261 35.40
29      92742   506     0.00546 0.99454 92493   3206285 34.57
30      92236   555     0.00602 0.99398 91960   3113792 33.76
31      91681   549     0.00599 0.99401 91408   3021832 32.96
32      91132   580     0.00636 0.99364 90844   2930424 32.16
33      90552   591     0.00652 0.99348 90259   2839580 31.36
34      89961   643     0.00714 0.99286 89643   2749321 30.56
35      89318   685     0.00767 0.99233 88978   2659678 29.78
36      88633   702     0.00792 0.99208 88285   2570700 29.00
37      87931   747     0.00849 0.99151 87561   2482415 28.23
38      87184   784     0.00900 0.99100 86794   2394854 27.47
39      86400   806     0.00933 0.99067 86006   2308060 26.71
40      85594   989     0.01156 0.98844 85106   2222054 25.96
41      84605   958     0.01133 0.98867 84125   2136949 25.26
42      83647   976     0.01167 0.98833 83162   2052823 24.54
43      82671   1030    0.01246 0.98754 82162   1969661 23.83
44      81641   1121    0.01374 0.98626 81088   1887499 23.12
45      80520   1207    0.01499 0.98501 79922   1806411 22.43
46      79313   1257    0.01585 0.98415 78690   1726489 21.77
47      78056   1350    0.01730 0.98270 77380   1647799 21.11
48      76706   1237    0.01612 0.98388 76095   1570418 20.47
49      75469   1522    0.02017 0.97983 74723   1494324 19.80
50      73947   1588    0.02147 0.97853 73158   1419601 19.20
51      72359   1637    0.02262 0.97738 71541   1346443 18.61
52      70722   1606    0.02270 0.97730 69913   1274902 18.03
53      69116   1493    0.02160 0.97840 68380   1204989 17.43
54      67623   1850    0.02735 0.97265 66711   1136609 16.81
55      65773   1808    0.02749 0.97251 64870   1069898 16.27
56      63965   1862    0.02911 0.97089 63039   1005029 15.71
57      62103   1935    0.03116 0.96884 61136   941989  15.17
58      60168   1864    0.03098 0.96902 59237   880854  14.64
59      58304   1965    0.03371 0.96629 57334   821617  14.09
60      56339   2174    0.03859 0.96141 55260   764282  13.57
61      54165   2163    0.03994 0.96006 53080   709022  13.09
62      52002   2085    0.04010 0.95990 50961   655942  12.61
63      49917   2192    0.04391 0.95609 48827   604982  12.12
64      47725   2237    0.04688 0.95312 46609   556154  11.65
65      45488   2259    0.04965 0.95035 44361   509545  11.20
66      43229   2305    0.05331 0.94669 42077   465184  10.76
67      40924   2280    0.05572 0.94428 39785   423106  10.34
68      38644   2332    0.06035 0.93965 37476   383321  9.92
69      36312   2228    0.06136 0.93864 35194   345845  9.52
70      34084   2246    0.06590 0.93410 32961   310651  9.11
71      31838   2226    0.06993 0.93007 30723   277690  8.72
72      29612   2208    0.07455 0.92545 28500   246966  8.34
73      27404   2035    0.07426 0.92574 26380   218466  7.97
74      25369   2043    0.08054 0.91946 24346   192087  7.57
75      23326   2010    0.08615 0.91385 22317   167740  7.19
76      21316   1944    0.09118 0.90882 20347   145423  6.82
77      19372   2076    0.10715 0.89285 18329   125077  6.46
78      17296   1825    0.10550 0.89450 16368   106748  6.17
79      15471   1694    0.10951 0.89049 14617   90380   5.84
80      13777   1666    0.12093 0.87907 12942   75763   5.50
81      12111   1637    0.13514 0.86486 11286   62821   5.19
82      10474   1508    0.14399 0.85601 9707    51535   4.92
83      8966    1334    0.14880 0.85120 8288    41828   4.67
84      7632    1255    0.16438 0.83562 6995    33539   4.39
85      6377    1114    0.17474 0.82526 5808    26544   4.16
86      5263    975     0.18529 0.81471 4764    20736   3.94
87      4288    845     0.19701 0.80299 3856    15971   3.72
88      3443    757     0.21975 0.78025 3056    12115   3.52
89      2686    637     0.23733 0.76267 2355    9059    3.37
90      2049    468     0.22862 0.77138 1805    6704    3.27
91      1581    386     0.24407 0.75593 1382    4899    3.10
92      1195    332     0.27803 0.72197 1022    3517    2.94
93      863     222     0.25725 0.74275 746     2495    2.89
94      641     176     0.27447 0.72553 549     1749    2.73
95      465     126     0.27010 0.72990 399     1200    2.58
96      339     100     0.29529 0.70471 287     801     2.36
97      239     69      0.28974 0.71026 202     515     2.15
98      170     51      0.30003 0.69997 143     312     1.84
99      119     39      0.32545 0.67455 98      169     1.42
100     80      16      0.19533 0.80467 71      71      0.89
