# age, male, female, both genders

0       364,499         352,344         716,843
1       322,192         313,319         635,511
2       332,401         323,500         655,901
3       332,834         323,844         656,678
4       251,604         246,315         497,919
5       249,293         244,249         493,542
6       204,563         200,504         405,067
7       189,045         190,688         379,733
8       213,365         214,712         428,077
9       169,713         170,327         340,040
10      206,417         210,299         416,716
11      201,508         206,535         408,043
12      304,834         303,026         607,860
13      274,903         283,326         558,229
14      272,606         293,415         566,021
15      264,219         291,813         556,032
16      285,503         327,711         613,214
17      256,129         307,281         563,410
18      286,480         339,056         625,536
19      259,277         289,913         549,190
20      318,637         350,847         669,484
21      315,697         230,892         546,589
22      435,800         312,500         748,300
23      439,236         307,367         746,603
24      281,800         286,053         567,853
25      267,551         346,056         613,607
26      278,848         316,526         595,374
27      237,159         273,326         510,485
28      265,106         306,369         571,475
29      208,743         208,822         417,565
30      291,919         340,690         632,609
31      151,670         129,417         281,087
32      222,668         217,969         440,637
33      192,520         185,697         378,217
34      160,927         153,416         314,343
35      212,430         231,072         443,502
36      178,128         174,392         352,520
37      155,254         165,754         321,008
38      202,716         210,498         413,214
39      147,335         134,917         282,252
40      221,434         245,182         466,616
41      106,325         78,882          185,207
42      175,761         146,744         322,505
43      137,772         115,857         253,629
44      109,985         95,480          205,465
45      172,193         178,816         351,009
46      126,192         107,968         234,160
47      100,358         94,202          194,560
48      117,867         122,572         240,439
49      86,688          76,898          163,586
50      148,382         193,198         341,580
51      61,019          53,786          114,805
52      97,598          95,463          193,061
53      79,052          77,229          156,281
54      65,634          67,257          132,891
55      101,828         136,773         238,601
56      78,917          91,849          170,766
57      54,047          68,403          122,450
58      54,943          75,180          130,123
59      34,020          41,078          75,098
60      95,128          158,491         253,619
61      27,845          32,128          59,973
62      45,206          59,531          104,737
63      41,209          55,759          96,968
64      31,025          42,620          73,645
65      62,224          106,235         168,459
66      32,135          44,888          77,023
67      31,695          50,126          81,821
68      24,842          40,579          65,421
69      13,578          20,142          33,720
70      40,363          83,870          124,233
71      9,809           12,857          22,666
72      16,435          25,309          41,744
73      12,253          19,099          31,352
74      8,682           13,407          22,089
75      20,300          39,446          59,746
76      8,488           14,542          23,030
77      5,531           9,736           15,267
78      6,545           12,943          19,488
79      2,655           4,528           7,183
80      11,214          26,009          37,223
81      1,567           2,704           4,271
82      2,656           4,524           7,180
83      1,796           3,250           5,046
84      1,443           2,707           4,150
85      3,843           8,696           12,539
86      1,445           2,641           4,086
87      1,130           2,288           3,418
88      931             1,859           2,790
89      465             1,011           1,476
90      2,164           5,306           7,470
91      185             349             534
92      336             574             910
93      275             493             768
94      163             294             457
95      546             1,088           1,634
96      280             470             750
97      187             338             525
98      239             411             650
99      86              189             275
100+    802             1,707           2,509
unknown 14,282          5,869           20,151
total   12,917,527      13,396,587      26,314,114

