Таблица построена по данным АДХ-РСФСР модулем rtss.data.mortality.synthetic.MortalityTableADH
# Возраст в годах, Числа доживающих до возраста х лет, Числа умирающих при переходе от возраста x к возрасту х+1 лет, Вероятность умереть в течение предстоящего года жизни, Вероятность дожить до возраста х+1 лет, Числа живущих в возрасте х лет, Числа прожитых человеколет, Средняя продолжительность предстоящей жизни
# x, lx, dx, qx, px, Lx, Tx, ex

0       100000  30660   0.30660 0.69340 84670   2845369 28.45
1       69340   9981    0.14395 0.85605 64350   2760699 39.81
2       59359   4348    0.07325 0.92675 57185   2696349 45.42
3       55011   2282    0.04148 0.95852 53870   2639164 47.98
4       52729   1377    0.02612 0.97388 52041   2585294 49.03
5       51352   923     0.01797 0.98203 50861   2533254 49.33
6       50429   664     0.01317 0.98683 50080   2482393 49.23
7       49765   503     0.01011 0.98989 49502   2432313 48.88
8       49262   397     0.00807 0.99193 49056   2382811 48.37
9       48865   326     0.00668 0.99332 48697   2333755 47.76
10      48539   279     0.00575 0.99425 48396   2285058 47.08
11      48260   250     0.00517 0.99483 48133   2236661 46.35
12      48010   234     0.00488 0.99512 47892   2188528 45.58
13      47776   230     0.00481 0.99519 47661   2140636 44.81
14      47546   233     0.00489 0.99511 47430   2092975 44.02
15      47313   240     0.00507 0.99493 47194   2045545 43.23
16      47073   248     0.00526 0.99474 46950   1998352 42.45
17      46825   252     0.00539 0.99461 46699   1951402 41.67
18      46573   252     0.00542 0.99458 46447   1904703 40.90
19      46321   248     0.00536 0.99464 46197   1858256 40.12
20      46073   242     0.00526 0.99474 45952   1812059 39.33
21      45831   238     0.00519 0.99481 45712   1766108 38.54
22      45593   237     0.00520 0.99480 45475   1720396 37.73
23      45356   241     0.00531 0.99469 45236   1674921 36.93
24      45115   250     0.00555 0.99445 44991   1629685 36.12
25      44865   264     0.00588 0.99412 44734   1584694 35.32
26      44601   279     0.00625 0.99375 44463   1539960 34.53
27      44322   294     0.00663 0.99337 44176   1495497 33.74
28      44028   307     0.00697 0.99303 43876   1451321 32.96
29      43721   318     0.00728 0.99272 43563   1407446 32.19
30      43403   328     0.00757 0.99243 43240   1363883 31.42
31      43075   340     0.00789 0.99211 42906   1320643 30.66
32      42735   355     0.00830 0.99170 42559   1277737 29.90
33      42380   373     0.00881 0.99119 42195   1235178 29.15
34      42007   396     0.00944 0.99056 41811   1192983 28.40
35      41611   423     0.01015 0.98985 41402   1151172 27.67
36      41188   448     0.01089 0.98911 40966   1109770 26.94
37      40740   472     0.01158 0.98842 40506   1068804 26.23
38      40268   491     0.01218 0.98782 40024   1028298 25.54
39      39777   505     0.01270 0.98730 39526   988274  24.85
40      39272   517     0.01317 0.98683 39015   948749  24.16
41      38755   532     0.01371 0.98629 38490   909734  23.47
42      38223   551     0.01440 0.98560 37949   871244  22.79
43      37672   576     0.01529 0.98471 37386   833294  22.12
44      37096   609     0.01641 0.98359 36794   795908  21.46
45      36487   647     0.01774 0.98226 36167   759114  20.81
46      35840   687     0.01915 0.98085 35500   722947  20.17
47      35153   723     0.02057 0.97943 34794   687447  19.56
48      34430   754     0.02191 0.97809 34055   652653  18.96
49      33676   779     0.02313 0.97687 33288   618598  18.37
50      32897   798     0.02426 0.97574 32500   585309  17.79
51      32099   815     0.02540 0.97460 31693   552810  17.22
52      31284   834     0.02665 0.97335 30869   521117  16.66
53      30450   854     0.02806 0.97194 30025   490248  16.10
54      29596   877     0.02964 0.97036 29159   460223  15.55
55      28719   901     0.03137 0.96863 28270   431064  15.01
56      27818   921     0.03311 0.96689 27359   402793  14.48
57      26897   936     0.03479 0.96521 26430   375435  13.96
58      25961   944     0.03637 0.96363 25489   349005  13.44
59      25017   947     0.03787 0.96213 24544   323515  12.93
60      24070   949     0.03942 0.96058 23596   298971  12.42
61      23121   954     0.04124 0.95876 22645   275376  11.91
62      22167   965     0.04352 0.95648 21686   252731  11.40
63      21202   983     0.04639 0.95361 20712   231045  10.90
64      20219   1010    0.04993 0.95007 19716   210333  10.40
65      19209   1040    0.05414 0.94586 18691   190616  9.92
66      18169   1069    0.05884 0.94116 17637   171925  9.46
67      17100   1092    0.06386 0.93614 16556   154288  9.02
68      16008   1105    0.06901 0.93099 15456   137733  8.60
69      14903   1105    0.07416 0.92584 14350   122277  8.20
70      13798   1093    0.07919 0.92081 13250   107927  7.82
71      12705   1069    0.08413 0.91587 12168   94677   7.45
72      11636   1036    0.08906 0.91094 11115   82509   7.09
73      10600   998     0.09411 0.90589 10098   71394   6.74
74      9602    956     0.09952 0.90048 9120    61296   6.38
75      8646    913     0.10563 0.89437 8186    52176   6.03
76      7733    873     0.11296 0.88704 7293    43989   5.69
77      6860    836     0.12191 0.87809 6439    36696   5.35
78      6024    800     0.13279 0.86721 5621    30257   5.02
79      5224    761     0.14571 0.85429 4840    24636   4.72
80      4463    716     0.16041 0.83959 4101    19796   4.44
81      3747    660     0.17602 0.82398 3412    15696   4.19
82      3087    591     0.19157 0.80843 2785    12284   3.98
83      2496    514     0.20608 0.79392 2232    9498    3.81
84      1982    434     0.21874 0.78126 1758    7266    3.67
85      1548    355     0.22912 0.77088 1364    5508    3.56
86      1193    283     0.23735 0.76265 1046    4143    3.47
87      910     222     0.24365 0.75635 794     3097    3.40
88      688     171     0.24829 0.75171 599     2303    3.35
89      517     130     0.25162 0.74838 449     1704    3.30
90      387     98      0.25397 0.74603 336     1255    3.24
91      289     74      0.25567 0.74433 250     920     3.18
92      215     55      0.25703 0.74297 186     670     3.11
93      160     41      0.25832 0.74168 139     483     3.02
94      119     31      0.25980 0.74020 103     345     2.90
95      88      23      0.26166 0.73834 76      242     2.75
96      65      17      0.26410 0.73590 56      166     2.56
97      48      13      0.26726 0.73274 41      110     2.29
98      35      9       0.27125 0.72875 30      69      1.97
99      26      7       0.27615 0.72385 22      39      1.49
100     19      5       0.28202 0.71798 16      16      0.86
