# Таблица построена по данным АДХ-РСФСР модулем rtss.data.mortality.synthetic.MortalityTableADH
# Возраст в годах, Числа доживающих до возраста х лет, Числа умирающих при переходе от возраста x к возрасту х+1 лет, Вероятность умереть в течение предстоящего года жизни, Вероятность дожить до возраста х+1 лет, Числа живущих в возрасте х лет, Числа прожитых человеколет, Средняя продолжительность предстоящей жизни
# x, lx, dx, qx, px, Lx, Tx, ex

0       100000  25573   0.25573 0.74427 87214   3495664 34.96
1       74427   8807    0.11833 0.88167 70024   3408450 45.80
2       65620   3902    0.05947 0.94053 63669   3338427 50.88
3       61718   2062    0.03340 0.96660 60687   3274758 53.06
4       59656   1254    0.02102 0.97898 59029   3214071 53.88
5       58402   853     0.01461 0.98539 57950   3155042 54.02
6       57549   632     0.01098 0.98902 57218   3097092 53.82
7       56917   499     0.00876 0.99124 56658   3039874 53.41
8       56418   413     0.00732 0.99268 56206   2983215 52.88
9       56005   355     0.00633 0.99367 55823   2927010 52.26
10      55650   313     0.00563 0.99437 55491   2871187 51.59
11      55337   283     0.00512 0.99488 55193   2815696 50.88
12      55054   260     0.00473 0.99527 54922   2760503 50.14
13      54794   243     0.00444 0.99556 54671   2705580 49.38
14      54551   231     0.00424 0.99576 54435   2650909 48.60
15      54320   224     0.00412 0.99588 54208   2596474 47.80
16      54096   222     0.00410 0.99590 53985   2542267 47.00
17      53874   226     0.00419 0.99581 53762   2488282 46.19
18      53648   235     0.00438 0.99562 53531   2434520 45.38
19      53413   249     0.00466 0.99534 53290   2380989 44.58
20      53164   267     0.00503 0.99497 53032   2327699 43.78
21      52897   287     0.00543 0.99457 52755   2274667 43.00
22      52610   307     0.00583 0.99417 52458   2221912 42.23
23      52303   324     0.00620 0.99380 52142   2169454 41.48
24      51979   338     0.00651 0.99349 51811   2117311 40.73
25      51641   350     0.00678 0.99322 51467   2065500 40.00
26      51291   359     0.00699 0.99301 51112   2014033 39.27
27      50932   366     0.00718 0.99282 50750   1962921 38.54
28      50566   373     0.00737 0.99263 50380   1912172 37.82
29      50193   380     0.00757 0.99243 50004   1861791 37.09
30      49813   388     0.00780 0.99220 49620   1811788 36.37
31      49425   397     0.00803 0.99197 49227   1762168 35.65
32      49028   406     0.00828 0.99172 48826   1712941 34.94
33      48622   415     0.00854 0.99146 48415   1664115 34.23
34      48207   425     0.00882 0.99118 47995   1615700 33.52
35      47782   434     0.00909 0.99091 47566   1567705 32.81
36      47348   443     0.00936 0.99064 47127   1520139 32.11
37      46905   451     0.00961 0.99039 46680   1473012 31.40
38      46454   458     0.00985 0.99015 46226   1426331 30.70
39      45996   463     0.01007 0.98993 45765   1380106 30.00
40      45533   468     0.01027 0.98973 45299   1334341 29.30
41      45065   472     0.01047 0.98953 44829   1289042 28.60
42      44593   476     0.01067 0.98933 44355   1244212 27.90
43      44117   481     0.01089 0.98911 43877   1199857 27.20
44      43636   487     0.01115 0.98885 43393   1155980 26.49
45      43149   495     0.01148 0.98852 42902   1112587 25.78
46      42654   505     0.01185 0.98815 42402   1069685 25.08
47      42149   518     0.01229 0.98771 41891   1027282 24.37
48      41631   534     0.01282 0.98718 41365   985391  23.67
49      41097   551     0.01341 0.98659 40823   944026  22.97
50      40546   567     0.01398 0.98602 40264   903203  22.28
51      39979   587     0.01469 0.98531 39687   862939  21.58
52      39392   608     0.01544 0.98456 39090   823252  20.90
53      38784   629     0.01623 0.98377 38471   784162  20.22
54      38155   651     0.01707 0.98293 37831   745690  19.54
55      37504   671     0.01789 0.98211 37170   707859  18.87
56      36833   697     0.01893 0.98107 36487   670689  18.21
57      36136   728     0.02014 0.97986 35775   634202  17.55
58      35408   762     0.02153 0.97847 35030   598427  16.90
59      34646   802     0.02315 0.97685 34248   563397  16.26
60      33844   842     0.02487 0.97513 33427   529149  15.63
61      33002   888     0.02691 0.97309 32562   495722  15.02
62      32114   936     0.02915 0.97085 31650   463160  14.42
63      31178   984     0.03156 0.96844 30690   431510  13.84
64      30194   1031    0.03415 0.96585 29682   400820  13.27
65      29163   1077    0.03692 0.96308 28628   371138  12.73
66      28086   1119    0.03986 0.96014 27530   342510  12.20
67      26967   1159    0.04300 0.95700 26391   314980  11.68
68      25808   1196    0.04636 0.95364 25213   288589  11.18
69      24612   1230    0.04999 0.95001 24000   263376  10.70
70      23382   1258    0.05381 0.94619 22755   239377  10.24
71      22124   1287    0.05818 0.94182 21483   216621  9.79
72      20837   1314    0.06304 0.93696 20182   195138  9.36
73      19523   1336    0.06844 0.93156 18857   174956  8.96
74      18187   1352    0.07437 0.92563 17512   156100  8.58
75      16835   1359    0.08071 0.91929 16155   138588  8.23
76      15476   1351    0.08733 0.91267 14799   122432  7.91
77      14125   1327    0.09394 0.90606 13459   107633  7.62
78      12798   1284    0.10032 0.89968 12152   94175   7.36
79      11514   1224    0.10630 0.89370 10896   82023   7.12
80      10290   1149    0.11163 0.88837 9709    71126   6.91
81      9141    1065    0.11656 0.88344 8601    61418   6.72
82      8076    977     0.12099 0.87901 7580    52816   6.54
83      7099    887     0.12496 0.87504 6648    45236   6.37
84      6212    798     0.12848 0.87152 5806    38588   6.21
85      5414    712     0.13143 0.86857 5051    32782   6.06
86      4702    631     0.13417 0.86583 4380    27731   5.90
87      4071    556     0.13660 0.86340 3787    23351   5.74
88      3515    488     0.13878 0.86122 3266    19564   5.57
89      3027    426     0.14077 0.85923 2809    16299   5.38
90      2601    371     0.14261 0.85739 2411    13490   5.19
91      2230    322     0.14438 0.85562 2065    11078   4.97
92      1908    279     0.14611 0.85389 1765    9013    4.72
93      1629    241     0.14786 0.85214 1506    7248    4.45
94      1388    208     0.14966 0.85034 1281    5743    4.14
95      1180    179     0.15156 0.84844 1088    4461    3.78
96      1001    154     0.15359 0.84641 922     3373    3.37
97      847     132     0.15576 0.84424 779     2451    2.89
98      715     113     0.15812 0.84188 657     1672    2.34
99      602     97      0.16066 0.83934 552     1015    1.69
100     505     83      0.16339 0.83661 462     462     0.92
