# age, both genders, male, female

# Таблица построена дезагрегацией данных АДХ при помощи модуля rtss.data.population.synthetic.PopulationADH

0    3,520,763       1,780,336       1,740,427      
1    3,198,567       1,615,428       1,583,139      
2    2,911,182       1,468,157       1,443,025      
3    2,658,606       1,338,523       1,320,083      
4    2,440,841       1,226,526       1,214,315      
5    2,259,478       1,132,486       1,126,992      
6    2,120,961       1,059,296       1,061,665      
7    2,051,742       1,022,701       1,029,041      
8    2,104,560       1,047,532       1,057,028      
9    2,263,259       1,125,986       1,137,273      
10   2,595,011       1,291,913       1,303,098      
11   2,778,940       1,383,633       1,395,307      
12   2,861,643       1,424,641       1,437,002      
13   2,834,168       1,410,445       1,423,723      
14   2,701,238       1,343,368       1,357,870      
15   2,435,742       1,210,488       1,225,254      
16   2,232,991       1,106,092       1,126,899      
17   2,055,730       1,012,324       1,043,406      
18   1,905,239       929,846         975,393        
19   1,780,298       858,250         922,048        
20   1,670,658       790,926         879,732        
21   1,624,892       760,654         864,238        
22   1,632,257       760,063         872,194        
23   1,694,071       789,863         904,208        
24   1,809,121       849,494         959,627        
25   2,012,452       957,860         1,054,592      
26   2,131,880       1,024,204       1,107,676      
27   2,192,890       1,061,792       1,131,098      
28   2,190,592       1,067,877       1,122,715      
29   2,127,186       1,043,266       1,083,920      
30   1,985,533       980,084         1,005,449      
31   1,878,577       929,607         948,970        
32   1,785,507       882,614         902,893        
33   1,707,643       839,826         867,817        
34   1,643,739       800,869         842,870        
35   1,598,189       766,725         831,464        
36   1,542,544       730,501         812,043        
37   1,481,943       693,456         788,487        
38   1,416,029       655,505         760,524        
39   1,345,294       616,812         728,482        
40   1,267,482       576,381         691,101        
41   1,197,167       540,300         656,867        
42   1,131,451       507,258         624,193        
43   1,070,320       477,173         593,147        
44   1,013,580       449,888         563,692        
45   960,272         425,032         535,240        
46   914,345         403,673         510,672        
47   874,721         385,424         489,297        
48   841,210         370,174         471,036        
49   813,453         357,697         455,756        
50   792,399         348,909         443,490        
51   771,319         337,907         433,412        
52   751,369         325,767         425,602        
53   732,433         312,420         420,013        
54   714,480         297,997         416,483        
55   698,125         281,834         416,291        
56   680,082         268,116         411,966        
57   660,850         256,010         404,840        
58   640,343         245,520         394,823        
59   618,601         236,521         382,080        
60   595,372         229,486         365,886        
61   572,361         221,319         351,042        
62   549,269         212,588         336,681        
63   526,134         203,261         322,873        
64   502,866         193,347         309,519        
65   480,342         183,064         297,278        
66   453,555         171,346         282,209        
67   423,598         158,471         265,127        
68   390,582         144,503         246,079        
69   354,922         129,616         225,306        
70   315,203         113,166         202,037        
71   281,356         99,578          181,778        
72   251,083         87,770          163,313        
73   224,164         77,608          146,556        
74   200,194         68,877          131,317        
75   179,134         61,620          117,514        
76   159,075         54,506          104,569        
77   140,184         47,723          92,461         
78   122,290         41,206          81,084         
79   105,315         34,944          70,371         
80   88,698          28,676          60,022         
81   74,869          23,674          51,195         
82   62,953          19,498          43,455         
83   52,683          16,024          36,659         
84   43,797          13,128          30,669         
85   35,945          10,689          25,256         
86   29,599          8,719           20,880         
87   24,380          7,113           17,267         
88   20,102          5,809           14,293         
89   16,597          4,749           11,848         
90   13,734          3,891           9,843          
91   11,399          3,197           8,202          
92   9,504           2,639           6,865          
93   7,974           2,192           5,782          
94   6,750           1,837           4,913          
95   5,784           1,559           4,225          
96   5,038           1,346           3,692          
97   4,483           1,188           3,295          
98   4,096           1,078           3,018          
99   3,864           1,013           2,851          
100  3,751           981             2,770          
