# Таблица построена по данным АДХ-РСФСР модулем rtss.data.mortality.synthetic.MortalityTableADH
# Возраст в годах, Числа доживающих до возраста х лет, Числа умирающих при переходе от возраста x к возрасту х+1 лет, Вероятность умереть в течение предстоящего года жизни, Вероятность дожить до возраста х+1 лет, Числа живущих в возрасте х лет, Числа прожитых человеколет, Средняя продолжительность предстоящей жизни
# x, lx, dx, qx, px, Lx, Tx, ex

0       100000  26909   0.26909 0.73091 86546   3157043 31.57
1       73091   9348    0.12790 0.87210 68417   3070497 42.01
2       63743   4117    0.06459 0.93541 61685   3002080 47.10
3       59626   2122    0.03558 0.96442 58565   2940396 49.31
4       57504   1241    0.02158 0.97842 56884   2881831 50.12
5       56263   811     0.01441 0.98559 55830   2824947 50.21
6       55452   584     0.01054 0.98946 55145   2769117 49.94
7       54868   458     0.00835 0.99165 54631   2713972 49.46
8       54410   386     0.00710 0.99290 54212   2659341 48.88
9       54024   345     0.00638 0.99362 53849   2605129 48.22
10      53679   321     0.00598 0.99402 53517   2551280 47.53
11      53358   307     0.00576 0.99424 53204   2497763 46.81
12      53051   298     0.00562 0.99438 52901   2444560 46.08
13      52753   292     0.00554 0.99446 52607   2391658 45.34
14      52461   287     0.00548 0.99452 52317   2339052 44.59
15      52174   285     0.00545 0.99455 52031   2286734 43.83
16      51889   285     0.00550 0.99450 51747   2234703 43.07
17      51604   290     0.00562 0.99438 51460   2182956 42.30
18      51314   300     0.00585 0.99415 51165   2131497 41.54
19      51014   315     0.00617 0.99383 50858   2080332 40.78
20      50699   332     0.00655 0.99345 50535   2029474 40.03
21      50367   352     0.00699 0.99301 50193   1978939 39.29
22      50015   372     0.00744 0.99256 49831   1928747 38.56
23      49643   390     0.00785 0.99215 49449   1878916 37.85
24      49253   404     0.00820 0.99180 49052   1829467 37.14
25      48849   414     0.00847 0.99153 48643   1780415 36.45
26      48435   422     0.00871 0.99129 48225   1731772 35.75
27      48013   428     0.00892 0.99108 47800   1683547 35.06
28      47585   434     0.00912 0.99088 47369   1635748 34.38
29      47151   440     0.00934 0.99066 46932   1588379 33.69
30      46711   448     0.00958 0.99042 46488   1541448 33.00
31      46263   455     0.00984 0.99016 46036   1494960 32.31
32      45808   464     0.01013 0.98987 45577   1448924 31.63
33      45344   474     0.01045 0.98955 45108   1403347 30.95
34      44870   484     0.01078 0.98922 44629   1358239 30.27
35      44386   495     0.01114 0.98886 44139   1313611 29.60
36      43891   505     0.01151 0.98849 43639   1269471 28.92
37      43386   515     0.01188 0.98812 43129   1225832 28.25
38      42871   525     0.01224 0.98776 42609   1182702 27.59
39      42346   533     0.01259 0.98741 42080   1140093 26.92
40      41813   541     0.01293 0.98707 41543   1098013 26.26
41      41272   548     0.01327 0.98673 40999   1056470 25.60
42      40724   554     0.01361 0.98639 40448   1015471 24.94
43      40170   561     0.01398 0.98602 39890   975024  24.27
44      39609   570     0.01438 0.98562 39325   935134  23.61
45      39039   581     0.01489 0.98511 38750   895809  22.95
46      38458   594     0.01544 0.98456 38162   857059  22.29
47      37864   609     0.01609 0.98391 37561   818897  21.63
48      37255   627     0.01683 0.98317 36943   781336  20.97
49      36628   647     0.01766 0.98234 36306   744393  20.32
50      35981   663     0.01842 0.98158 35651   708087  19.68
51      35318   684     0.01937 0.98063 34978   672436  19.04
52      34634   705     0.02036 0.97964 34283   637458  18.41
53      33929   726     0.02139 0.97861 33568   603175  17.78
54      33203   746     0.02247 0.97753 32831   569607  17.16
55      32457   761     0.02343 0.97657 32078   536776  16.54
56      31696   784     0.02473 0.97527 31306   504698  15.92
57      30912   810     0.02620 0.97380 30509   473392  15.31
58      30102   840     0.02790 0.97210 29685   442883  14.71
59      29262   873     0.02984 0.97016 28828   413198  14.12
60      28389   903     0.03179 0.96821 27940   384370  13.54
61      27486   942     0.03428 0.96572 27018   356429  12.97
62      26544   983     0.03704 0.96296 26056   329411  12.41
63      25561   1024    0.04008 0.95992 25052   303355  11.87
64      24537   1065    0.04339 0.95661 24008   278303  11.34
65      23472   1102    0.04697 0.95303 22924   254295  10.83
66      22370   1136    0.05077 0.94923 21805   231371  10.34
67      21234   1163    0.05477 0.94523 20655   209567  9.87
68      20071   1184    0.05897 0.94103 19480   188912  9.41
69      18887   1198    0.06341 0.93659 18289   169432  8.97
70      17689   1202    0.06794 0.93206 17088   151143  8.54
71      16487   1208    0.07326 0.92674 15883   134054  8.13
72      15279   1212    0.07931 0.92069 14673   118171  7.73
73      14067   1213    0.08620 0.91380 13460   103498  7.36
74      12854   1208    0.09399 0.90601 12249   90037   7.00
75      11646   1190    0.10220 0.89780 11049   77788   6.68
76      10456   1163    0.11122 0.88878 9872    66739   6.38
77      9293    1118    0.12027 0.87973 8729    56868   6.12
78      8175    1054    0.12895 0.87105 7642    48138   5.89
79      7121    975     0.13697 0.86303 6626    40496   5.69
80      6146    884     0.14391 0.85609 5696    33870   5.51
81      5262    791     0.15033 0.84967 4859    28173   5.35
82      4471    698     0.15607 0.84393 4114    23315   5.21
83      3773    608     0.16119 0.83881 3462    19200   5.09
84      3165    525     0.16577 0.83423 2896    15739   4.97
85      2640    446     0.16896 0.83104 2411    12843   4.86
86      2194    379     0.17255 0.82745 1999    10432   4.75
87      1815    319     0.17577 0.82423 1651    8433    4.65
88      1496    267     0.17869 0.82131 1359    6782    4.53
89      1229    223     0.18137 0.81863 1114    5423    4.41
90      1006    185     0.18389 0.81611 911     4309    4.28
91      821     153     0.18631 0.81369 742     3399    4.14
92      668     126     0.18869 0.81131 603     2657    3.98
93      542     104     0.19109 0.80891 488     2054    3.79
94      438     85      0.19356 0.80644 394     1565    3.57
95      353     69      0.19615 0.80385 317     1171    3.32
96      284     56      0.19890 0.80110 255     854     3.01
97      228     46      0.20183 0.79817 204     599     2.63
98      182     37      0.20498 0.79502 163     395     2.17
99      145     30      0.20837 0.79163 129     232     1.60
100     115     24      0.21200 0.78800 103     103     0.89
