# age, male, female, both genders

Total                  19,381,636      22,795,446      42,177,082
0                      338,223         328,271         666,494
1                      344,544         333,731         678,275
2                      340,704         331,874         672,578
3                      336,617         326,441         663,058
4                      334,296         324,077         658,373
0-4                    1,694,384       1,644,394       3,338,778
5                      319,808         310,682         630,490
6                      327,912         318,171         646,083
7                      323,155         313,177         636,332
8                      321,158         312,528         633,686
9                      319,794         311,348         631,142
5-9                    1,611,827       1,565,906       3,177,733
10                     337,769         328,467         666,236
11                     345,456         333,207         678,663
12                     381,668         370,015         751,683
13                     395,253         380,889         776,142
14                     425,711         410,098         835,809
10-14                  1,885,857       1,822,676       3,708,533
15                     428,582         398,418         827,000
16                     427,847         383,069         810,916
17                     399,940         282,307         682,247
18                     386,641         241,824         628,465
19                     373,155         257,919         631,074
15-19                  2,016,165       1,563,537       3,579,702
20                     381,361         288,402         669,763
21                     358,963         295,491         654,454
22                     343,978         299,843         643,821
23                     345,772         304,307         650,079
24                     345,349         306,336         651,685
20-24 . ,              1,775,423       1,494,379       3,269,802
25                     311,702         276,966         588,668
26                     310,795         274,970         585,765
27                     301,813         262,364         564,177
28                     284,962         251,754         536,716
29                     295,362         259,033         554,395
25-29                  1,504,634       1,325,087       2,829,721
30                     250,326         221,017         471,343
31                     220,825         200,852         421,677
32                     207,303         191,823         399,126
33                     115,510         109,678         225,188
34                     98,078          96,060          194,138
30-34                  892,042         819,430         1,711,472
35                     99,224          100,181         199,405
36                     149,932         157,853         307,785
37                     256,398         264,513         520,911
38                     273,831         286,123         559,954
39                     315,664         329,158         644,822
35-39                  1,095,049       1,137,828       2,232,877
40                     337,960         353,188         691,148
41                     322,277         327,264         649,541
42                     312,546         319,731         632,277
43                     283,143         285,769         568,912
44                     237,036         241,219         478,255
40-44                  1,492,962       1,527,171       3,020,133
45                     241,090         248,675         489,765
46                     290,469         309,605         600,074
47                     292,862         300,122         592,984
48                     348,231         368,492         716,723
49                     330,473         366,621         697,094
45-49                  1,503,125       1,593,515       3,096,640
50                     350,797         418,970         769,767
51                     295,059         374,130         669,189
52                     254,501         373,726         628,227
53                     214,439         345,035         559,474
54                     202,994         339,494         542,488
50-54                  1,317,790       1,851,355       3,169,145
55                     169,650         322,817         492,467
56                     136,187         274,990         411,177
57                     117,621         224,472         342,093
58                     107,429         212,168         319,597
59                     105,360         208,829         314,189
55-59                  636,247         1,243,276       1,879,523
60                     133,623         276,162         409,785
61                     85,262          174,134         259,396
62                     90,609          202,600         293,209
63                     109,844         251,082         360,926
64                     132,387         322,605         454,992
60-64                  551,725         1,226,583       1,778,308
65                     126,146         290,768         416,914
66                     128,998         322,641         451,639
67                     122,310         283,871         406,181
68                     118,818         314,229         433,047
69                     104,162         251,364         355,526
65-69                  600,434         1,462,873       2,063,307
70                     99,140          260,120         359,260
71                     90,244          234,874         325,118
72                     83,417          225,001         308,418
73                     72,867          214,583         287,450
74                     65,653          196,681         262,334
70-74                  411,321         1,131,259       1,542,580
75                     58,070          189,142         247,212
76                     50,281          174,051         224,332
77                     37,547          130,925         168,472
78                     42,071          176,324         218,395
79                     28,934          85,995          114,929
75-79                  216,903         756,437         973,340
80                     27,889          106,679         134,568
81                     21,930          71,153          93,083
82                     21,108          73,397          94,505
83                     18,886          64,280          83,166
84                     15,570          51,419          66,989
80-84                  105,383         366,928         472,311
85                     13,242          45,826          59,068
86                     11,167          38,797          49,964
87                     8,077           26,600          34,677
88                     7,233           29,470          36,703
89                     4,612           19,104          23,716
85-89                  44,331          159,797         204,128
90                     5,863           28,581          34,444
91                     4,422           15,553          19,975
92                     2,723           11,995          14,718
93                     2,040           9,292           11,332
94                     1,560           7,124           8,684
90-94                  16,608          72,545          89,153
95                     1,214           6,077           7,291
96                     1,075           5,130           6,205
97                     671             3,023           3,694
98                     771             3,540           4,311
99                     392             1,775           2,167
95-99                  4,123           19,545          23,668
100 лет и старше       676             3,348           4,024
возраст не указан      4,627           7,577           12,204
