# age, male, female, both genders

Total                  63,482,780      74,068,169      137,550,949
0                      1,075,443       1,033,906       2,109,349
1                      1,083,979       1,045,417       2,129,396
2                      1,079,781       1,039,589       2,119,370
3                      1,068,482       1,031,115       2,099,597
4                      1,057,994       1,019,016       2,077,010
0-4                    5,365,679       5,169,043       10,534,722
5                      1,014,355       979,016         1,993,371
6                      1,035,395       997,265         2,032,660
7                      998,630         961,108         1,959,738
8                      970,315         938,232         1,908,547
9                      923,907         895,431         1,819,338
5-9                    4,942,602       4,771,052       9,713,654
10                     923,446         893,436         1,816,882
11                     911,970         879,401         1,791,371
12                     974,816         942,223         1,917,039
13                     982,750         946,979         1,929,729
14                     1,045,642       1,009,655       2,055,297
10-14                  4,838,624       4,671,694       9,510,318
15                     1,135,966       1,095,405       2,231,371
16                     1,208,079       1,167,395       2,375,474
17                     1,279,431       1,221,752       2,501,183
18                     1,363,286       1,270,736       2,634,022
19                     1,401,424       1,251,828       2,653,252
15-19                  6,388,186       6,007,116       12,395,302
20                     1,390,099       1,296,579       2,686,678
21                     1,328,823       1,273,236       2,602,059
22                     1,288,024       1,247,520       2,535,544
23                     1,315,656       1,269,927       2,585,583
24                     1,329,005       1,282,129       2,611,134
20-24                  6,651,607       6,369,391       13,020,998
25                     1,219,236       1,181,097       2,400,333
26                     1,231,561       1,194,346       2,425,907
27                     1,217,137       1,169,042       2,386,179
28                     1,169,883       1,135,296       2,305,179
29                     1,220,200       1,189,465       2,409,665
25-29                  6,058,017       5,869,246       11,927,263
30                     1,074,238       1,048,074       2,122,312
31                     999,336         980,641         1,979,977
32                     952,395         935,774         1,888,169
33                     570,531         563,554         1,134,085
34                     456,497         453,260         909,757
30-34                  4,052,997       3,981,303       8,034,300
35                     407,130         409,910         817,040
36                     567,167         598,797         1,165,964
37                     971,329         1,015,043       1,986,372
38                     1,013,937       1,057,678       2,071,615
39                     1,148,683       1,219,511       2,368,194
35-39                  4,108,246       4,300,939       8,409,185
40                     1,223,714       1,305,972       2,529,686
41                     1,189,721       1,253,883       2,443,604
42                     1,026,696       1,095,915       2,122,611
43                     903,668         955,634         1,859,302
44                     744,622         797,443         1,542,065
40-44                  5,088,421       5,408,847       10,497,268
45                     736,442         800,067         1,536,509
46                     864,785         961,810         1,826,595
47                     876,267         946,366         1,822,633
48                     1,000,435       1,102,956       2,103,391
49                     984,203         1,110,360       2,094,563
45-49                  4,462,132       4,921,559       9,383,691
50                     1,058,424       1,245,210       2,303,634
51                     962,812         1,128,688       2,091,500
52                     852,960         1,127,553       1,980,513
53                     685,445         1,050,831       1,736,276
54                     599,922         1,013,673       1,613,595
50-54                  4,159,563       5,565,955       9,725,518
55                     502,258         961,216         1,463,474
56                     409,966         815,704         1,225,670
57                     362,878         678,642         1,041,520
58                     329,584         615,930         945,514
59                     323,338         600,644         923,982
55-59                  1,928,024       3,672,136       5,600,160
60                     402,552         765,522         1,168,074
61                     264,866         497,196         762,062
62                     284,123         569,120         853,243
63                     338,600         687,460         1,026,060
64                     403,408         856,077         1,259,485
60-64                  1,693,549       3,375,375       5,068,924
65                     379,439         782,772         1,162,211
66                     377,023         836,373         1,213,396
67                     347,589         735,084         1,082,673
68                     326,270         779,549         1,105,819
69                     282,810         646,579         929,389
65-69                  1,713,131       3,780,357       5,493,488
70                     265,609         666,535         932,144
71                     241,212         596,627         837,839
72                     220,082         573,657         793,739
73                     190,229         536,077         726,306
74                     170,670         494,615         665,285
70-74                  1,087,802       2,867,511       3,955,313
75                     149,927         468,465         618,392
76                     126,919         429,079         555,998
77                     93,297          328,058         421,355
78                     101,143         415,070         516,213
79                     72,163          228,476         300,639
75-79                  543,449         1,869,148       2,412,597
80                     67,926          258,504         326,430
81                     52,977          180,274         233,251
82                     49,144          179,070         228,214
83                     42,722          153,378         196,100
84                     34,815          121,357         156,172
80-84                  247,584         892,583         1,140,167
85                     29,330          106,041         135,371
86                     23,954          88,673          112,627
87                     17,481          62,288          79,769
88                     15,013          63,902          78,915
89                     9,797           43,130          52,927
85-89                  95,575          364,034         459,609
90                     11,383          56,501          67,884
91                     9,419           33,381          42,800
92                     5,138           24,262          29,400
93                     3,869           18,474          22,343
94                     2,858           13,968          16,826
90-94                  32,667          146,586         179,253
95                     2,156           11,362          13,518
96                     1,824           9,346           11,170
97                     1,102           5,480           6,582
98                     1,218           5,862           7,080
99                     597             3,002           3,599
95-99                  6,897           35,052          41,949
100 лет и старше       968             5,349           6,317
возраст не указан      17,060          23,893          40,953
