# age, male, female, both genders

Total                  44,101,144      51,272,723      95,373,867
0                      737,220         705,635         1,442,855
1                      739,435         711,686         1,451,121
2                      739,077         707,715         1,446,792
3                      731,865         704,674         1,436,539
4                      723,698         694,939         1,418,637
0-4                    3,671,295       3,524,649       7,195,944
5                      694,547         668,334         1,362,881
6                      707,483         679,094         1,386,577
7                      675,475         647,931         1,323,406
8                      649,157         625,704         1,274,861
9                      604,113         584,083         1,188,196
5-9                    3,330,775       3,205,146       6,535,921
10                     585,677         564,969         1,150,646
11                     566,514         546,194         1,112,708
12                     593,148         572,208         1,165,356
13                     587,497         566,090         1,153,587
14                     619,931         599,557         1,219,488
10-14                  2,952,767       2,849,018       5,801,785
15                     707,384         696,987         1,404,371
16                     780,232         784,326         1,564,558
17                     879,491         939,445         1,818,936
18                     976,645         1,028,912       2,005,557
19                     1,028,269       993,909         2,022,178
15-19                  4,372,021       4,443,579       8,815,600
20                     1,008,738       1,008,177       2,016,915
21                     969,860         977,745         1,947,605
22                     944,046         947,677         1,891,723
23                     969,884         965,620         1,935,504
24                     983,656         975,793         1,959,449
20-24 . ,              4,876,184       4,875,012       9,751,196
25                     907,534         904,131         1,811,665
26                     920,766         919,376         1,840,142
27                     915,324         906,678         1,822,002
28                     884,921         883,542         1,768,463
29                     924,838         930,432         1,855,270
25-29                  4,553,383       4,544,159       9,097,542
30                     823,912         827,057         1,650,969
31                     778,511         779,789         1,558,300
32                     745,092         743,951         1,489,043
33                     455,021         453,876         908,897
34                     358,419         357,200         715,619
30-34                  3,160,955       3,161,873       6,322,828
35                     307,906         309,729         617,635
36                     417,235         440,944         858,179
37                     714,931         750,530         1,465,461
38                     740,106         771,555         1,511,661
39                     833,019         890,353         1,723,372
35-39                  3,013,197       3,163,111       6,176,308
40                     885,754         952,784         1,838,538
41                     867,444         926,619         1,794,063
42                     714,150         776,184         1,490,334
43                     620,525         669,865         1,290,390
44                     507,586         556,224         1,063,810
40-44                  3,595,459       3,881,676       7,477,135
45                     495,352         551,392         1,046,744
46                     574,316         652,205         1,226,521
47                     583,405         646,244         1,229,649
48                     652,204         734,464         1,386,668
49                     653,730         743,739         1,397,469
45-49                  2,959,007       3,328,044       6,287,051
50                     707,627         826,240         1,533,867
51                     667,753         754,558         1,422,311
52                     598,459         753,827         1,352,286
53                     471,006         705,796         1,176,802
54                     396,928         674,179         1,071,107
50-54                  2,841,773       3,714,600       6,556,373
55                     332,608         638,399         971,007
56                     273,779         540,714         814,493
57                     245,257         454,170         699,427
58                     222,155         403,762         625,917
59                     217,978         391,815         609,793
55-59                  1,291,777       2,428,860       3,720,637
60                     268,929         489,360         758,289
61                     179,604         323,062         502,666
62                     193,514         366,520         560,034
63                     228,756         436,378         665,134
64                     271,021         533,472         804,493
60-64                  1,141,824       2,148,792       3,290,616
65                     253,293         492,004         745,297
66                     248,025         513,732         761,757
67                     225,279         451,213         676,492
68                     207,452         465,320         672,772
69                     178,648         395,215         573,863
65-69                  1,112,697       2,317,484       3,430,181
70                     166,469         406,415         572,884
71                     150,968         361,753         512,721
72                     136,665         348,656         485,321
73                     117,362         321,494         438,856
74                     105,017         297,934         402,951
70-74                  676,481         1,736,252       2,412,733
75                     91,857          279,323         371,180
76                     76,638          255,028         331,666
77                     55,750          197,133         252,883
78                     59,072          238,746         297,818
79                     43,229          142,481         185,710
75-79                  326,546         1,112,711       1,439,257
80                     40,037          151,825         191,862
81                     31,047          109,121         140,168
82                     28,036          105,673         133,709
83                     23,836          89,098          112,934
84                     19,245          69,938          89,183
80-84                  142,201         525,655         667,856
85                     16,088          60,215          76,303
86                     12,787          49,876          62,663
87                     9,404           35,688          45,092
88                     7,780           34,432          42,212
89                     5,185           24,026          29,211
85-89                  51,244          204,237         255,481
90                     5,520           27,920          33,440
91                     4,997           17,828          22,825
92                     2,415           12,267          14,682
93                     1,829           9,182           11,011
94                     1,298           6,844           8,142
90-94                  16,059          74,041          90,100
95                     942             5,285           6,227
96                     749             4,216           4,965
97                     431             2,457           2,888
98                     447             2,322           2,769
99                     205             1,227           1,432
95-99                  2,774           15,507          18,281
100 лет и старше       292             2,001           2,293
возраст не указан      12,433          16,316          28,749
