# # Таблица построена модулем rtss.rosbris1959.ExportMortalityTables по данным в РосБРИС для РСФСР 1969
# Возраст в годах, Числа доживающих до возраста х лет, Числа умирающих при переходе от возраста x к возрасту х+1 лет, Вероятность умереть в течение предстоящего года жизни, Вероятность дожить до возраста х+1 лет, Числа живущих в возрасте х лет, Числа прожитых человеколет, Средняя продолжительность предстоящей жизни
# x, lx, dx, qx, px, Lx, Tx, ex

0       100000  2126    0.02126 0.97875 98937   7328347 73.28
1       97874   331     0.00338 0.99662 97709   7229410 73.86
2       97543   89      0.00091 0.99909 97499   7131701 73.11
3       97454   42      0.00043 0.99957 97433   7034203 72.18
4       97412   32      0.00033 0.99967 97396   6936770 71.21
5       97380   35      0.00036 0.99964 97363   6839374 70.23
6       97345   43      0.00044 0.99956 97324   6742011 69.26
7       97302   53      0.00054 0.99946 97276   6644687 68.29
8       97249   57      0.00059 0.99941 97221   6547410 67.33
9       97192   54      0.00056 0.99944 97165   6450190 66.37
10      97138   46      0.00047 0.99953 97114   6353025 65.40
11      97092   38      0.00039 0.99961 97073   6255911 64.43
12      97054   34      0.00035 0.99965 97037   6158839 63.46
13      97020   33      0.00034 0.99966 97004   6061802 62.48
14      96987   36      0.00037 0.99963 96969   5964798 61.50
15      96951   42      0.00044 0.99956 96931   5867829 60.52
16      96909   51      0.00053 0.99947 96884   5770898 59.55
17      96858   60      0.00062 0.99938 96829   5674014 58.58
18      96798   68      0.00070 0.99930 96765   5577185 57.62
19      96730   73      0.00076 0.99924 96694   5480421 56.66
20      96657   75      0.00078 0.99922 96620   5383727 55.70
21      96582   76      0.00078 0.99922 96544   5287107 54.74
22      96506   77      0.00079 0.99921 96468   5190563 53.78
23      96429   79      0.00082 0.99918 96390   5094096 52.83
24      96350   83      0.00086 0.99914 96309   4997706 51.87
25      96267   88      0.00092 0.99908 96224   4901397 50.91
26      96179   95      0.00098 0.99902 96132   4805173 49.96
27      96084   101     0.00105 0.99895 96034   4709041 49.01
28      95983   107     0.00111 0.99889 95930   4613007 48.06
29      95876   112     0.00117 0.99883 95820   4517077 47.11
30      95764   116     0.00122 0.99878 95706   4421257 46.17
31      95648   121     0.00127 0.99873 95588   4325551 45.22
32      95527   127     0.00133 0.99867 95464   4229963 44.28
33      95400   134     0.00140 0.99860 95334   4134499 43.34
34      95266   142     0.00149 0.99851 95196   4039165 42.40
35      95124   152     0.00160 0.99840 95049   3943969 41.46
36      94972   164     0.00172 0.99828 94891   3848920 40.53
37      94808   176     0.00185 0.99815 94721   3754029 39.60
38      94632   188     0.00199 0.99801 94539   3659308 38.67
39      94444   200     0.00212 0.99788 94345   3564769 37.74
40      94244   213     0.00226 0.99774 94139   3470424 36.82
41      94031   227     0.00242 0.99758 93919   3376286 35.91
42      93804   243     0.00259 0.99741 93684   3282367 34.99
43      93561   262     0.00280 0.99720 93432   3188683 34.08
44      93299   283     0.00303 0.99697 93159   3095251 33.18
45      93016   307     0.00330 0.99670 92865   3002092 32.28
46      92709   333     0.00360 0.99640 92545   2909227 31.38
47      92376   362     0.00392 0.99608 92197   2816683 30.49
48      92014   391     0.00425 0.99575 91821   2724485 29.61
49      91623   422     0.00461 0.99539 91415   2632664 28.73
50      91201   453     0.00497 0.99503 90977   2541250 27.86
51      90748   484     0.00533 0.99467 90509   2450273 27.00
52      90264   515     0.00571 0.99429 90009   2359764 26.14
53      89749   547     0.00610 0.99390 89478   2269755 25.29
54      89202   580     0.00651 0.99349 88915   2180277 24.44
55      88622   616     0.00696 0.99304 88317   2091362 23.60
56      88006   657     0.00747 0.99253 87681   2003044 22.76
57      87349   705     0.00807 0.99193 87001   1915363 21.93
58      86644   761     0.00879 0.99121 86269   1828362 21.10
59      85883   827     0.00963 0.99037 85475   1742094 20.28
60      85056   904     0.01063 0.98937 84611   1656618 19.48
61      84152   990     0.01176 0.98824 83665   1572008 18.68
62      83162   1084    0.01304 0.98696 82628   1488343 17.90
63      82078   1187    0.01446 0.98554 81493   1405715 17.13
64      80891   1298    0.01604 0.98396 80252   1324221 16.37
65      79593   1417    0.01781 0.98219 78895   1243970 15.63
66      78176   1549    0.01982 0.98018 77413   1165075 14.90
67      76627   1696    0.02213 0.97787 75792   1087662 14.19
68      74931   1858    0.02479 0.97521 74016   1011870 13.50
69      73073   2035    0.02784 0.97216 72071   937854  12.83
70      71038   2222    0.03128 0.96872 69943   865783  12.19
71      68816   2412    0.03505 0.96495 67626   795840  11.56
72      66404   2595    0.03908 0.96092 65121   728215  10.97
73      63809   2764    0.04332 0.95668 62440   663094  10.39
74      61045   2917    0.04778 0.95222 59599   600653  9.84
75      58128   3054    0.05254 0.94746 56612   541055  9.31
76      55074   3185    0.05784 0.94216 53492   484443  8.80
77      51889   3314    0.06387 0.93613 50243   430950  8.31
78      48575   3441    0.07085 0.92915 46865   380708  7.84
79      45134   3560    0.07887 0.92113 43363   333843  7.40
80      41574   3654    0.08789 0.91211 39753   290480  6.99
81      37920   3701    0.09760 0.90240 36071   250727  6.61
82      34219   3683    0.10762 0.89238 32373   214656  6.27
83      30536   3589    0.11754 0.88246 28731   182284  5.97
84      26947   3421    0.12697 0.87303 25220   153553  5.70
85      23526   3192    0.13568 0.86432 21909   128333  5.45
86      20334   2921    0.14364 0.85636 18850   106424  5.23
87      17413   2627    0.15086 0.84914 16075   87574   5.03
88      14786   2327    0.15740 0.84260 13598   71499   4.84
89      12459   2035    0.16334 0.83666 11418   57901   4.65
90      10424   1759    0.16878 0.83122 9522    46483   4.46
91      8665    1506    0.17385 0.82615 7892    36961   4.27
92      7159    1279    0.17867 0.82133 6502    29069   4.06
93      5880    1078    0.18337 0.81663 5325    22567   3.84
94      4802    903     0.18808 0.81192 4337    17242   3.59
95      3899    752     0.19292 0.80708 3511    12905   3.31
96      3147    623     0.19799 0.80201 2826    9394    2.98
97      2524    513     0.20341 0.79659 2259    6568    2.60
98      2011    421     0.20924 0.79076 1793    4309    2.14
99      1590    343     0.21558 0.78442 1413    2516    1.58
100     1247    277     0.22246 0.77754 1103    1103    0.88
