# Таблица построена по данным АДХ-РСФСР модулем rtss.data.mortality.synthetic.MortalityTableADH
# Возраст в годах, Числа доживающих до возраста х лет, Числа умирающих при переходе от возраста x к возрасту х+1 лет, Вероятность умереть в течение предстоящего года жизни, Вероятность дожить до возраста х+1 лет, Числа живущих в возрасте х лет, Числа прожитых человеколет, Средняя продолжительность предстоящей жизни
# x, lx, dx, qx, px, Lx, Tx, ex

0       100000  27377   0.27377 0.72623 86312   1970675 19.71
1       72623   11616   0.15995 0.84005 66815   1884363 25.95
2       61007   5949    0.09752 0.90248 58033   1817548 29.79
3       55058   3493    0.06344 0.93656 53312   1759516 31.96
4       51565   2292    0.04446 0.95554 50419   1706204 33.09
5       49273   1656    0.03361 0.96639 48404   1655785 33.60
6       47617   1300    0.02731 0.97269 46944   1607381 33.76
7       46317   1096    0.02367 0.97633 45756   1560438 33.69
8       45221   980     0.02168 0.97832 44724   1514682 33.50
9       44241   917     0.02074 0.97926 43779   1469959 33.23
10      43324   886     0.02045 0.97955 42879   1426180 32.92
11      42438   869     0.02047 0.97953 42002   1383301 32.60
12      41569   855     0.02056 0.97944 41140   1341299 32.27
13      40714   839     0.02060 0.97940 40293   1300159 31.93
14      39875   818     0.02052 0.97948 39464   1259866 31.60
15      39057   795     0.02036 0.97964 38658   1220401 31.25
16      38262   775     0.02024 0.97976 37873   1181744 30.89
17      37487   759     0.02024 0.97976 37106   1143871 30.51
18      36728   749     0.02040 0.97960 36353   1106764 30.13
19      35979   746     0.02073 0.97927 35606   1070411 29.75
20      35233   747     0.02120 0.97880 34860   1034805 29.37
21      34486   750     0.02174 0.97826 34111   999946  29.00
22      33736   752     0.02230 0.97770 33360   965835  28.63
23      32984   753     0.02283 0.97717 32607   932474  28.27
24      32231   751     0.02330 0.97670 31855   899867  27.92
25      31480   746     0.02370 0.97630 31107   868012  27.57
26      30734   739     0.02404 0.97596 30364   836905  27.23
27      29995   729     0.02432 0.97568 29630   806541  26.89
28      29266   719     0.02456 0.97544 28906   776912  26.55
29      28547   707     0.02476 0.97524 28192   748006  26.20
30      27840   694     0.02494 0.97506 27492   719814  25.86
31      27146   682     0.02511 0.97489 26804   692322  25.50
32      26464   669     0.02527 0.97473 26128   665518  25.15
33      25795   656     0.02544 0.97456 25466   639389  24.79
34      25139   644     0.02562 0.97438 24816   613923  24.42
35      24495   632     0.02582 0.97418 24178   589107  24.05
36      23863   621     0.02604 0.97396 23552   564929  23.67
37      23242   611     0.02627 0.97373 22936   541378  23.29
38      22631   600     0.02651 0.97349 22330   518442  22.91
39      22031   589     0.02675 0.97325 21736   496112  22.52
40      21442   578     0.02698 0.97302 21152   474376  22.12
41      20864   567     0.02717 0.97283 20580   453224  21.72
42      20297   554     0.02732 0.97268 20019   432645  21.32
43      19743   541     0.02742 0.97258 19471   412626  20.90
44      19202   528     0.02750 0.97250 18937   393155  20.47
45      18674   515     0.02757 0.97243 18415   374218  20.04
46      18159   502     0.02767 0.97233 17907   355802  19.59
47      17657   491     0.02782 0.97218 17411   337895  19.14
48      17166   482     0.02806 0.97194 16924   320485  18.67
49      16684   474     0.02839 0.97161 16446   303560  18.19
50      16210   468     0.02884 0.97116 15976   287114  17.71
51      15742   463     0.02942 0.97058 15510   271138  17.22
52      15279   461     0.03014 0.96986 15048   255628  16.73
53      14818   459     0.03100 0.96900 14588   240580  16.24
54      14359   459     0.03199 0.96801 14130   225991  15.74
55      13900   460     0.03312 0.96688 13670   211862  15.24
56      13440   462     0.03435 0.96565 13209   198192  14.75
57      12978   463     0.03568 0.96432 12747   184983  14.25
58      12515   464     0.03711 0.96289 12283   172236  13.76
59      12051   466     0.03867 0.96133 11818   159953  13.27
60      11585   468     0.04039 0.95961 11351   148135  12.79
61      11117   471     0.04235 0.95765 10882   136784  12.30
62      10646   475     0.04460 0.95540 10409   125902  11.83
63      10171   480     0.04717 0.95283 9931    115493  11.36
64      9691    485     0.05009 0.94991 9449    105561  10.89
65      9206    491     0.05334 0.94666 8961    96112   10.44
66      8715    496     0.05686 0.94314 8467    87151   10.00
67      8219    498     0.06060 0.93940 7970    78684   9.57
68      7721    498     0.06454 0.93546 7472    70714   9.16
69      7223    496     0.06870 0.93130 6975    63242   8.76
70      6727    492     0.07315 0.92685 6481    56267   8.36
71      6235    487     0.07805 0.92195 5991    49787   7.99
72      5748    480     0.08354 0.91646 5507    43796   7.62
73      5268    473     0.08971 0.91029 5031    38288   7.27
74      4795    463     0.09660 0.90340 4563    33258   6.94
75      4332    451     0.10415 0.89585 4105    28695   6.62
76      3881    435     0.11215 0.88785 3662    24590   6.34
77      3446    415     0.12038 0.87962 3237    20928   6.07
78      3031    390     0.12860 0.87140 2834    17691   5.84
79      2641    361     0.13658 0.86342 2458    14857   5.63
80      2280    329     0.14415 0.85585 2113    12399   5.44
81      1951    295     0.15119 0.84881 1801    10287   5.27
82      1656    261     0.15761 0.84239 1523    8486    5.12
83      1395    228     0.16335 0.83665 1278    6963    4.99
84      1167    197     0.16840 0.83160 1066    5685    4.87
85      970     168     0.17280 0.82720 884     4619    4.76
86      802     142     0.17661 0.82339 729     3735    4.66
87      660     119     0.17992 0.82008 599     3006    4.55
88      541     99      0.18282 0.81718 490     2408    4.45
89      442     82      0.18541 0.81459 400     1918    4.34
90      360     68      0.18776 0.81224 325     1518    4.22
91      292     55      0.18998 0.81002 264     1193    4.09
92      237     46      0.19214 0.80786 213     929     3.92
93      191     37      0.19431 0.80569 172     716     3.75
94      154     30      0.19657 0.80343 139     544     3.53
95      124     25      0.19897 0.80103 111     406     3.27
96      99      20      0.20156 0.79844 89      295     2.98
97      79      16      0.20439 0.79561 71      206     2.61
98      63      13      0.20748 0.79252 56      135     2.15
99      50      11      0.21087 0.78913 44      79      1.58
100     39      8       0.21456 0.78544 35      35      0.89
