# Таблица построена по данным АДХ-РСФСР модулем rtss.data.mortality.synthetic.MortalityTableADH
# Возраст в годах, Числа доживающих до возраста х лет, Числа умирающих при переходе от возраста x к возрасту х+1 лет, Вероятность умереть в течение предстоящего года жизни, Вероятность дожить до возраста х+1 лет, Числа живущих в возрасте х лет, Числа прожитых человеколет, Средняя продолжительность предстоящей жизни
# x, lx, dx, qx, px, Lx, Tx, ex

0       100000  9034    0.09034 0.90966 95483   6280087 62.80
1       90966   2418    0.02658 0.97342 89757   6184604 67.99
2       88548   878     0.00992 0.99008 88109   6094847 68.83
3       87670   431     0.00491 0.99509 87455   6006738 68.52
4       87239   274     0.00314 0.99686 87102   5919284 67.85
5       86965   211     0.00243 0.99757 86856   5832182 67.06
6       86754   182     0.00209 0.99791 86661   5745326 66.23
7       86572   164     0.00189 0.99811 86489   5658665 65.36
8       86408   149     0.00172 0.99828 86332   5572176 64.49
9       86259   135     0.00156 0.99844 86190   5485844 63.60
10      86124   121     0.00141 0.99859 86062   5399654 62.70
11      86003   110     0.00128 0.99872 85947   5313591 61.78
12      85893   104     0.00121 0.99879 85841   5227644 60.86
13      85789   101     0.00117 0.99883 85738   5141803 59.94
14      85688   102     0.00119 0.99881 85637   5056065 59.01
15      85586   106     0.00124 0.99876 85534   4970428 58.08
16      85480   114     0.00134 0.99866 85424   4884894 57.15
17      85366   125     0.00147 0.99853 85305   4799470 56.22
18      85241   139     0.00164 0.99836 85173   4714166 55.30
19      85102   155     0.00182 0.99818 85026   4628993 54.39
20      84947   171     0.00202 0.99798 84863   4543967 53.49
21      84776   185     0.00219 0.99781 84685   4459105 52.60
22      84591   195     0.00231 0.99769 84494   4374420 51.71
23      84396   200     0.00237 0.99763 84296   4289926 50.83
24      84196   200     0.00238 0.99762 84096   4205630 49.95
25      83996   198     0.00235 0.99765 83897   4121534 49.07
26      83798   195     0.00233 0.99767 83700   4037637 48.18
27      83603   196     0.00234 0.99766 83505   3953937 47.29
28      83407   199     0.00239 0.99761 83308   3870432 46.40
29      83208   206     0.00247 0.99753 83106   3787124 45.51
30      83002   215     0.00259 0.99741 82895   3704018 44.63
31      82787   224     0.00270 0.99730 82676   3621123 43.74
32      82563   230     0.00279 0.99721 82448   3538447 42.86
33      82333   234     0.00284 0.99716 82216   3455999 41.98
34      82099   234     0.00285 0.99715 81982   3373782 41.09
35      81865   233     0.00284 0.99716 81748   3291801 40.21
36      81632   233     0.00285 0.99715 81516   3210052 39.32
37      81399   236     0.00289 0.99711 81281   3128536 38.43
38      81163   242     0.00298 0.99702 81043   3047255 37.54
39      80921   253     0.00313 0.99687 80796   2966212 36.66
40      80668   267     0.00332 0.99668 80536   2885417 35.77
41      80401   284     0.00353 0.99647 80260   2804881 34.89
42      80117   301     0.00376 0.99624 79968   2724621 34.01
43      79816   317     0.00398 0.99602 79659   2644653 33.13
44      79499   333     0.00419 0.99581 79334   2564994 32.26
45      79166   348     0.00439 0.99561 78993   2485660 31.40
46      78818   363     0.00461 0.99539 78638   2406667 30.53
47      78455   380     0.00484 0.99516 78267   2328029 29.67
48      78075   400     0.00512 0.99488 77877   2249762 28.82
49      77675   423     0.00544 0.99456 77466   2171886 27.96
50      77252   449     0.00581 0.99419 77030   2094420 27.11
51      76803   479     0.00624 0.99376 76566   2017390 26.27
52      76324   512     0.00671 0.99329 76071   1940824 25.43
53      75812   548     0.00723 0.99277 75541   1864753 24.60
54      75264   587     0.00780 0.99220 74974   1789212 23.77
55      74677   630     0.00844 0.99156 74366   1714238 22.96
56      74047   679     0.00917 0.99083 73712   1639872 22.15
57      73368   734     0.01001 0.98999 73006   1566161 21.35
58      72634   797     0.01097 0.98903 72241   1493155 20.56
59      71837   868     0.01208 0.98792 71409   1420914 19.78
60      70969   945     0.01332 0.98668 70503   1349504 19.02
61      70024   1028    0.01468 0.98532 69517   1279001 18.27
62      68996   1115    0.01616 0.98384 68446   1209484 17.53
63      67881   1204    0.01774 0.98226 67287   1141038 16.81
64      66677   1296    0.01943 0.98057 66037   1073752 16.10
65      65381   1391    0.02128 0.97872 64694   1007715 15.41
66      63990   1495    0.02336 0.97664 63252   943021  14.74
67      62495   1609    0.02575 0.97425 61701   879770  14.08
68      60886   1738    0.02855 0.97145 60028   818069  13.44
69      59148   1882    0.03182 0.96818 58220   758041  12.82
70      57266   2038    0.03560 0.96440 56260   699821  12.22
71      55228   2201    0.03986 0.96014 54141   643561  11.65
72      53027   2363    0.04456 0.95544 51859   589420  11.12
73      50664   2514    0.04962 0.95038 49419   537561  10.61
74      48150   2647    0.05497 0.94503 46836   488142  10.14
75      45503   2753    0.06050 0.93950 44134   441306  9.70
76      42750   2826    0.06610 0.93390 41342   397172  9.29
77      39924   2862    0.07168 0.92832 38494   355830  8.91
78      37062   2859    0.07715 0.92285 35631   317336  8.56
79      34203   2819    0.08243 0.91757 32789   281705  8.24
80      31384   2746    0.08749 0.91251 30004   248917  7.93
81      28638   2645    0.09235 0.90765 27306   218913  7.64
82      25993   2522    0.09701 0.90299 24721   191607  7.37
83      23471   2383    0.10151 0.89849 22267   166886  7.11
84      21088   2233    0.10587 0.89413 19959   144618  6.86
85      18855   2076    0.11010 0.88990 17804   124659  6.61
86      16779   1916    0.11421 0.88579 15808   106856  6.37
87      14863   1757    0.11823 0.88177 13971   91048   6.13
88      13106   1601    0.12216 0.87784 12293   77077   5.88
89      11505   1450    0.12602 0.87398 10768   64784   5.63
90      10055   1306    0.12984 0.87016 9390    54016   5.37
91      8749    1169    0.13363 0.86637 8154    44626   5.10
92      7580    1042    0.13742 0.86258 7049    36472   4.81
93      6538    923     0.14123 0.85877 6067    29424   4.50
94      5615    815     0.14508 0.85492 5199    23357   4.16
95      4800    715     0.14900 0.85100 4435    18158   3.78
96      4085    625     0.15300 0.84700 3765    13723   3.36
97      3460    544     0.15710 0.84290 3182    9958    2.88
98      2916    470     0.16133 0.83867 2675    6776    2.32
99      2446    405     0.16568 0.83432 2238    4101    1.68
100     2041    347     0.17019 0.82981 1863    1863    0.91
