# age, male, female, both genders

0       2,267,595       2,198,173       4,465,768
1       1,963,000       1,928,612       3,891,612
2       1,884,258       1,874,150       3,758,408
3       1,946,378       1,940,430       3,886,808
4       1,572,795       1,584,019       3,156,814
5       1,545,321       1,504,136       3,049,457
6       1,326,466       1,326,165       2,652,631
7       1,297,573       1,334,846       2,632,419
8       1,460,497       1,445,933       2,906,430
9       994,033         988,172         1,982,205
10      1,256,351       1,227,958       2,484,309
11      1,145,083       1,115,346       2,260,429
12      1,872,326       1,756,952       3,629,278
13      1,579,636       1,528,102       3,107,738
14      1,529,629       1,522,602       3,052,231
15      1,544,030       1,540,254       3,084,284
16      1,502,765       1,619,233       3,121,998
17      1,307,447       1,437,785       2,745,232
18      1,328,153       1,475,668       2,803,821
19      1,098,819       1,214,995       2,313,814
20      1,320,258       1,604,690       2,924,948
21      908,077         792,606         1,700,683
22      976,839         1,175,732       2,152,571
23      883,353         1,092,257       1,975,610
24      832,503         948,256         1,780,759
25      1,031,978       1,464,789       2,496,767
26      921,911         1,016,086       1,937,997
27      793,051         962,473         1,755,524
28      866,209         1,044,043       1,910,252
29      619,819         608,717         1,228,536
30      1,081,800       1,519,628       2,601,428
31      443,372         400,240         843,612
32      667,995         710,704         1,378,699
33      604,438         617,850         1,222,288
34      479,929         492,322         972,251
35      825,927         1,113,663       1,939,590
36      590,781         622,477         1,213,258
37      539,313         620,671         1,159,984
38      666,152         737,223         1,403,375
39      476,139         447,662         923,801
40      900,330         1,261,603       2,161,933
41      353,555         301,495         655,050
42      563,957         531,180         1,095,137
43      455,209         429,192         884,401
44      368,638         356,360         724,998
45      719,907         898,365         1,618,272
46      452,569         407,106         859,675
47      379,172         377,647         756,819
48      436,614         470,258         906,872
49      301,222         280,709         581,931
50      744,303         1,088,467       1,832,770
51      236,867         215,916         452,783
52      367,313         358,624         725,937
53      301,039         293,150         594,189
54      242,166         254,652         496,818
55      548,577         760,731         1,309,308
56      344,331         375,229         719,560
57      248,926         288,092         537,018
58      256,995         311,359         568,354
59      164,195         169,514         333,709
60      678,707         989,234         1,667,941
61      160,134         147,735         307,869
62      249,362         251,676         501,038
63      222,932         223,724         446,656
64      157,455         165,505         322,960
65      392,710         531,909         924,619
66      189,337         176,420         365,757
67      193,117         200,056         393,173
68      140,561         155,750         296,311
69      77,134          80,850          157,984
70      338,267         541,324         879,591
71      60,063          57,262          117,325
72      100,274         98,595          198,869
73      81,040          76,905          157,945
74      54,653          52,227          106,880
75      156,187         208,348         364,535
76      55,339          54,394          109,733
77      42,904          43,282          86,186
78      50,357          53,405          103,762
79      20,266          22,247          42,513
80      128,829         202,763         331,592
81      13,941          14,826          28,767
82      21,050          21,131          42,181
83      15,155          14,957          30,112
84      11,962          11,770          23,732
85      40,254          51,638          91,892
86      12,056          10,723          22,779
87      9,777           9,939           19,716
88      8,533           8,540           17,073
89      4,857           5,393           10,250
90      29,535          44,889          74,424
91      2,074           2,530           4,604
92      2,848           3,252           6,100
93      2,229           2,451           4,680
94      1,651           1,573           3,224
95      6,960           9,045           16,005
96      2,586           2,564           5,150
97      1,922           2,046           3,968
98      2,107           2,525           4,632
99      1,092           1,398           2,490
100+    11,567          15,486          27,053
unknown 36,157          32,420          68,577
total   58,125,825      62,587,976      120,713,801

