# Таблица построена по данным АДХ-РСФСР модулем rtss.data.mortality.synthetic.MortalityTableADH
# Возраст в годах, Числа доживающих до возраста х лет, Числа умирающих при переходе от возраста x к возрасту х+1 лет, Вероятность умереть в течение предстоящего года жизни, Вероятность дожить до возраста х+1 лет, Числа живущих в возрасте х лет, Числа прожитых человеколет, Средняя продолжительность предстоящей жизни
# x, lx, dx, qx, px, Lx, Tx, ex

0       100000  22279   0.22279 0.77721 88861   3430466 34.30
1       77721   9343    0.12021 0.87979 73050   3341605 42.99
2       68378   4558    0.06666 0.93334 66099   3268556 47.80
3       63820   2459    0.03854 0.96146 62591   3202457 50.18
4       61361   1436    0.02341 0.97659 60643   3139866 51.17
5       59925   899     0.01500 0.98500 59441   3079223 51.38
6       59026   600     0.01016 0.98984 58706   3019783 51.16
7       58426   426     0.00730 0.99270 58201   2961076 50.68
8       58000   323     0.00556 0.99444 57832   2902875 50.05
9       57677   260     0.00451 0.99549 57543   2845043 49.33
10      57417   224     0.00390 0.99610 57303   2787500 48.55
11      57193   206     0.00360 0.99640 57089   2730198 47.74
12      56987   202     0.00355 0.99645 56886   2673109 46.91
13      56785   210     0.00369 0.99631 56681   2616222 46.07
14      56575   227     0.00402 0.99598 56463   2559541 45.24
15      56348   251     0.00445 0.99555 56225   2503078 44.42
16      56097   278     0.00495 0.99505 55960   2446854 43.62
17      55819   301     0.00540 0.99460 55670   2390893 42.83
18      55518   317     0.00570 0.99430 55360   2335223 42.06
19      55201   322     0.00584 0.99416 55040   2279863 41.30
20      54879   319     0.00582 0.99418 54719   2224823 40.54
21      54560   316     0.00578 0.99422 54402   2170104 39.77
22      54244   314     0.00580 0.99420 54087   2115702 39.00
23      53930   318     0.00590 0.99410 53772   2061615 38.23
24      53612   327     0.00610 0.99390 53450   2007843 37.45
25      53285   342     0.00642 0.99358 53115   1954394 36.68
26      52943   358     0.00676 0.99324 52765   1901278 35.91
27      52585   374     0.00711 0.99289 52399   1848513 35.15
28      52211   388     0.00743 0.99257 52018   1796114 34.40
29      51823   400     0.00772 0.99228 51624   1744096 33.65
30      51423   409     0.00795 0.99205 51219   1692472 32.91
31      51014   420     0.00824 0.99176 50805   1641253 32.17
32      50594   434     0.00858 0.99142 50378   1590447 31.44
33      50160   451     0.00899 0.99101 49936   1540069 30.70
34      49709   471     0.00947 0.99053 49475   1490133 29.98
35      49238   484     0.00983 0.99017 48997   1440658 29.26
36      48754   506     0.01037 0.98963 48503   1391661 28.54
37      48248   525     0.01089 0.98911 47987   1343158 27.84
38      47723   542     0.01135 0.98865 47453   1295171 27.14
39      47181   556     0.01178 0.98822 46904   1247718 26.45
40      46625   567     0.01215 0.98785 46343   1200814 25.75
41      46058   580     0.01260 0.98740 45769   1154471 25.07
42      45478   598     0.01314 0.98686 45181   1108702 24.38
43      44880   619     0.01380 0.98620 44573   1063521 23.70
44      44261   646     0.01459 0.98541 43940   1018949 23.02
45      43615   674     0.01546 0.98454 43281   975009  22.35
46      42941   707     0.01645 0.98355 42590   931728  21.70
47      42234   739     0.01750 0.98250 41867   889138  21.05
48      41495   770     0.01857 0.98143 41113   847271  20.42
49      40725   800     0.01963 0.98037 40327   806158  19.80
50      39925   810     0.02030 0.97970 39521   765832  19.18
51      39115   835     0.02136 0.97864 38700   726310  18.57
52      38280   859     0.02245 0.97755 37853   687611  17.96
53      37421   883     0.02360 0.97640 36982   649758  17.36
54      36538   907     0.02483 0.97517 36086   612777  16.77
55      35631   911     0.02555 0.97445 35177   576691  16.19
56      34720   936     0.02695 0.97305 34254   541514  15.60
57      33784   962     0.02848 0.97152 33305   507260  15.01
58      32822   990     0.03015 0.96985 32329   473955  14.44
59      31832   1018    0.03199 0.96801 31325   441625  13.87
60      30814   1046    0.03395 0.96605 30293   410300  13.32
61      29768   1077    0.03618 0.96382 29232   380007  12.77
62      28691   1109    0.03864 0.96136 28139   350774  12.23
63      27582   1141    0.04135 0.95865 27014   322635  11.70
64      26441   1173    0.04435 0.95565 25856   295621  11.18
65      25268   1187    0.04697 0.95303 24677   269765  10.68
66      24081   1221    0.05072 0.94928 23473   245088  10.18
67      22860   1257    0.05500 0.94500 22235   221615  9.69
68      21603   1293    0.05986 0.94014 20959   199380  9.23
69      20310   1326    0.06530 0.93470 19649   178421  8.78
70      18984   1345    0.07086 0.92914 18313   158772  8.36
71      17639   1357    0.07696 0.92304 16961   140459  7.96
72      16282   1352    0.08301 0.91699 15605   123498  7.58
73      14930   1327    0.08885 0.91115 14264   107893  7.23
74      13603   1285    0.09447 0.90553 12956   93630   6.88
75      12318   1226    0.09955 0.90045 11700   80673   6.55
76      11092   1174    0.10581 0.89419 10501   68973   6.22
77      9918    1123    0.11318 0.88682 9352    58472   5.90
78      8795    1074    0.12206 0.87794 8254    49120   5.58
79      7721    1024    0.13261 0.86739 7204    40866   5.29
80      6697    957     0.14287 0.85713 6213    33662   5.03
81      5740    893     0.15554 0.84446 5288    27449   4.78
82      4847    815     0.16819 0.83181 4433    22161   4.57
83      4032    726     0.18005 0.81995 3661    17729   4.40
84      3306    630     0.19049 0.80951 2983    14068   4.26
85      2676    527     0.19680 0.80320 2405    11085   4.14
86      2149    438     0.20380 0.79620 1923    8680    4.04
87      1711    358     0.20935 0.79065 1526    6757    3.95
88      1353    289     0.21365 0.78635 1203    5232    3.87
89      1064    231     0.21696 0.78304 944     4028    3.79
90      833     183     0.21953 0.78047 738     3084    3.70
91      650     144     0.22159 0.77841 575     2346    3.61
92      506     113     0.22339 0.77661 447     1771    3.50
93      393     88      0.22513 0.77487 347     1324    3.37
94      305     69      0.22700 0.77300 269     977     3.20
95      236     54      0.22918 0.77082 208     708     3.00
96      182     42      0.23179 0.76821 160     500     2.75
97      140     33      0.23496 0.76504 123     340     2.43
98      107     26      0.23878 0.76122 93      217     2.03
99      81      20      0.24332 0.75668 71      124     1.53
100     61      15      0.24861 0.75139 53      53      0.87
