# age, both genders, male, female

# Таблица построена дезагрегацией данных АДХ при помощи модуля rtss.data.population.synthetic.PopulationADH

0    1,791,314       915,460         875,854        
1    1,776,854       906,531         870,323        
2    1,762,394       897,602         864,792        
3    1,747,934       888,673         859,261        
4    1,733,475       879,745         853,730        
5    1,719,016       870,816         848,200        
6    1,739,851       879,514         860,337        
7    1,796,645       906,656         889,989        
8    1,891,810       953,460         938,350        
9    2,024,679       1,019,554       1,005,125      
10   2,223,396       1,119,382       1,104,014      
11   2,346,779       1,180,331       1,166,448      
12   2,415,538       1,213,074       1,202,464      
13   2,425,391       1,215,455       1,209,936      
14   2,378,895       1,188,758       1,190,137      
15   2,251,722       1,121,444       1,130,278      
16   2,193,081       1,085,250       1,107,831      
17   2,175,479       1,066,865       1,108,614      
18   2,201,533       1,067,371       1,134,162      
19   2,268,185       1,085,070       1,183,115      
20   2,410,458       1,136,042       1,274,416      
21   2,437,687       1,130,350       1,307,337      
22   2,381,364       1,083,580       1,297,784      
23   2,239,992       995,783         1,244,209      
24   2,022,498       872,244         1,150,254      
25   1,701,868       699,448         1,002,420      
26   1,490,529       588,839         901,690        
27   1,338,972       512,355         826,617        
28   1,244,369       467,531         776,838        
29   1,201,263       450,827         750,436        
30   1,217,142       467,661         749,481        
31   1,239,102       481,765         757,337        
32   1,276,583       499,565         777,018        
33   1,329,115       520,539         808,576        
34   1,396,058       544,470         851,588        
35   1,490,782       575,224         915,558        
36   1,542,348       591,697         950,651        
37   1,561,604       597,140         964,464        
38   1,546,818       591,063         955,755        
39   1,499,448       573,876         925,572        
40   1,410,233       543,275         866,958        
41   1,340,306       515,012         825,294        
42   1,278,444       486,349         792,095        
43   1,225,418       457,572         767,846        
44   1,180,600       428,793         751,807        
45   1,146,721       398,861         747,860        
46   1,107,015       374,460         732,555        
47   1,064,242       354,096         710,146        
48   1,018,093       337,676         680,417        
49   968,930         324,907         644,023        
50   914,865         316,655         598,210        
51   868,460         307,008         561,452        
52   827,086         297,013         530,073        
53   790,679         286,577         504,102        
54   758,909         275,747         483,162        
55   732,240         264,283         467,957        
56   706,719         253,677         453,042        
57   682,965         243,639         439,326        
58   660,857         234,175         426,682        
59   640,219         225,227         414,992        
60   622,227         217,118         405,109        
61   599,777         207,834         391,943        
62   574,240         197,768         376,472        
63   545,616         186,921         358,695        
64   514,141         175,359         338,782        
65   479,228         162,925         316,303        
66   445,414         150,837         294,577        
67   411,875         138,869         273,006        
68   378,662         127,031         251,631        
69   345,820         115,337         230,483        
70   312,605         103,520         209,085        
71   283,127         93,045          190,082        
72   256,325         83,524          172,801        
73   232,018         74,885          157,133        
74   209,924         67,026          142,898        
75   190,251         59,973          130,278        
76   170,343         53,011          117,332        
77   150,641         46,239          104,402        
78   131,068         39,618          91,450         
79   111,697         33,159          78,538         
80   91,659          26,540          65,119         
81   75,857          21,480          54,377         
82   62,720          17,387          45,333         
83   51,868          14,108          37,760         
84   42,896          11,486          31,410         
85   35,475          9,414           26,061         
86   29,354          7,707           21,647         
87   24,306          6,315           17,991         
88   20,147          5,178           14,969         
89   16,726          4,252           12,474         
90   13,917          3,499           10,418         
91   11,618          2,889           8,729          
92   9,741           2,395           7,346          
93   8,222           1,999           6,223          
94   7,002           1,684           5,318          
95   6,036           1,437           4,599          
96   5,288           1,247           4,041          
97   4,730           1,106           3,624          
98   4,341           1,008           3,333          
99   4,105           949             3,156          
100  3,992           921             3,071          
