# age, both genders, male, female

# Таблица построена дезагрегацией данных АДХ при помощи модуля rtss.data.population.synthetic.PopulationADH

0    2,218,142       1,126,317       1,091,825      
1    2,317,999       1,171,965       1,146,035      
2    2,427,418       1,222,024       1,205,394      
3    2,537,218       1,272,259       1,264,959      
4    2,638,223       1,318,436       1,319,787      
5    2,721,253       1,356,319       1,364,934      
6    2,777,130       1,381,673       1,395,457      
7    2,796,225       1,389,984       1,406,241      
8    2,764,718       1,374,053       1,390,665      
9    2,685,674       1,334,972       1,350,702      
10   2,576,072       1,280,780       1,295,292      
11   2,453,282       1,219,693       1,233,589      
12   2,333,013       1,159,054       1,173,958      
13   2,188,535       1,084,051       1,104,483      
14   2,002,098       985,421         1,016,677      
15   1,812,502       884,038         928,463        
16   1,661,452       802,317         859,134        
17   1,590,811       762,699         828,112        
18   1,638,890       784,320         854,570        
19   1,788,346       857,625         930,721        
20   1,980,017       952,929         1,027,088      
21   2,152,819       1,039,591       1,113,228      
22   2,245,949       1,087,091       1,158,858      
23   2,236,008       1,083,863       1,152,145      
24   2,172,205       1,055,525       1,116,680      
25   2,081,985       1,014,727       1,067,258      
26   1,987,838       971,217         1,016,621      
27   1,911,432       934,347         977,086        
28   1,849,328       901,694         947,634        
29   1,783,417       865,016         918,402        
30   1,714,729       825,799         888,930        
31   1,645,516       786,134         859,381        
32   1,577,971       748,029         829,942        
33   1,512,338       711,083         801,255        
34   1,447,446       673,954         773,492        
35   1,383,404       637,461         745,943        
36   1,320,408       602,551         717,857        
37   1,258,459       570,077         688,382        
38   1,192,986       538,431         654,555        
39   1,122,743       506,480         616,264        
40   1,054,267       476,335         577,932        
41   994,463         450,275         544,188        
42   950,042         430,530         519,513        
43   920,970         417,412         503,558        
44   900,257         408,448         491,809        
45   883,890         401,420         482,470        
46   868,110         394,167         473,943        
47   849,267         384,573         464,694        
48   827,200         372,225         454,975        
49   804,533         358,615         445,918        
50   781,764         344,585         437,178        
51   759,235         330,919         428,316        
52   737,284         318,377         418,907        
53   715,919         306,985         408,934        
54   694,798         296,134         398,665        
55   673,713         285,622         388,092        
56   652,467         275,280         377,187        
57   630,880         264,954         365,926        
58   609,243         254,896         354,347        
59   587,697         245,249         342,448        
60   565,730         235,607         330,123        
61   542,794         225,534         317,260        
62   518,318         214,579         303,739        
63   491,312         202,093         289,219        
64   461,845         188,187         273,659        
65   431,238         173,758         257,481        
66   400,864         159,735         241,129        
67   372,043         147,019         225,023        
68   344,528         135,624         208,904        
69   317,327         124,864         192,464        
70   290,763         114,602         176,161        
71   265,237         104,741         160,496        
72   241,138         95,183          145,954        
73   218,344         85,811          132,533        
74   196,519         76,662          119,857        
75   175,765         67,901          107,864        
76   156,215         59,702          96,513         
77   137,935         52,206          85,729         
78   119,535         44,850          74,685         
79   100,551         37,341          63,210         
80   82,908          30,422          52,486         
81   68,645          24,885          43,760         
82   59,682          21,476          38,206         
83   54,359          19,516          34,842         
84   49,406          17,700          31,706         
85   43,532          15,499          28,033         
86   36,937          13,002          23,935         
87   31,092          10,815          20,277         
88   25,927          8,905           17,021         
89   21,380          7,246           14,134         
90   17,396          5,812           11,584         
91   13,926          4,581           9,344          
92   10,924          3,534           7,391          
93   8,354           2,652           5,701          
94   6,179           1,921           4,258          
95   4,371           1,326           3,045          
96   2,905           856             2,049          
97   1,757           500             1,258          
98   911             247             664            
99   350             89              261            
100  60              14              47             
