# age, both genders, male, female

# Таблица построена дезагрегацией данных АДХ при помощи модуля rtss.data.population.synthetic.PopulationADH

0    1,786,505       932,703         853,802        
1    2,218,358       1,141,453       1,076,905      
2    2,650,212       1,350,204       1,300,008      
3    3,082,066       1,558,954       1,523,112      
4    3,513,919       1,767,704       1,746,215      
5    3,945,772       1,976,454       1,969,318      
6    4,355,408       2,172,261       2,183,147      
7    4,561,729       2,268,807       2,292,922      
8    4,545,567       2,257,067       2,288,500      
9    4,317,524       2,142,411       2,175,113      
10   3,799,204       1,886,429       1,912,775      
11   3,529,059       1,752,937       1,776,122      
12   3,398,373       1,688,621       1,709,752      
13   3,412,075       1,695,911       1,716,164      
14   3,563,288       1,771,101       1,792,187      
15   3,925,143       1,953,555       1,971,588      
16   4,128,367       2,042,372       2,085,995      
17   4,230,478       2,068,667       2,161,811      
18   4,222,474       2,027,953       2,194,521      
19   4,107,538       1,923,453       2,184,085      
20   3,868,548       1,742,087       2,126,461      
21   3,631,634       1,584,393       2,047,241      
22   3,375,010       1,431,982       1,943,028      
23   3,101,384       1,285,965       1,815,419      
24   2,814,424       1,146,574       1,667,850      
25   2,487,189       1,003,705       1,483,484      
26   2,283,348       911,555         1,371,793      
27   2,164,307       855,863         1,308,444      
28   2,128,797       835,490         1,293,307      
29   2,172,360       848,387         1,323,973      
30   2,324,573       906,218         1,418,355      
31   2,430,424       947,194         1,483,230      
32   2,515,611       981,659         1,533,952      
33   2,576,543       1,008,233       1,568,310      
34   2,612,848       1,026,696       1,586,152      
35   2,623,694       1,037,555       1,586,139      
36   2,611,876       1,036,988       1,574,888      
37   2,576,978       1,025,646       1,551,332      
38   2,519,313       1,003,565       1,515,748      
39   2,440,140       971,247         1,468,893      
40   2,332,870       926,466         1,406,404      
41   2,240,402       884,438         1,355,964      
42   2,154,906       842,491         1,312,415      
43   2,076,932       800,874         1,276,058      
44   2,005,891       759,732         1,246,159      
45   1,944,815       717,361         1,227,454      
46   1,875,079       683,465         1,191,614      
47   1,799,941       655,958         1,143,983      
48   1,719,270       634,771         1,084,499      
49   1,633,895       619,445         1,014,450      
50   1,540,537       612,205         928,332        
51   1,462,225       599,318         862,907        
52   1,393,750       583,259         810,491        
53   1,334,830       563,865         770,965        
54   1,284,657       541,352         743,305        
55   1,245,489       514,940         730,549        
56   1,202,468       490,027         712,441        
57   1,158,209       465,634         692,575        
58   1,112,466       441,831         670,635        
59   1,065,366       418,567         646,799        
60   1,016,203       395,946         620,257        
61   969,339         373,181         596,158        
62   923,939         350,409         573,530        
63   880,028         327,615         552,413        
64   837,491         304,850         532,641        
65   796,837         281,643         515,194        
66   754,793         260,720         494,073        
67   711,895         241,444         470,451        
68   668,082         223,744         444,338        
69   623,394         207,449         415,945        
70   577,751         192,958         384,793        
71   531,930         177,269         354,661        
72   485,825         160,975         324,850        
73   439,472         144,077         295,395        
74   393,021         126,721         266,300        
75   345,342         108,194         237,148        
76   303,191         93,060          210,131        
77   264,708         80,080          184,628        
78   229,521         69,031          160,490        
79   197,238         59,635          137,603        
80   166,908         51,758          115,150        
81   141,387         44,666          96,721         
82   119,379         38,343          81,036         
83   100,386         32,670          67,716         
84   83,941          27,564          56,377         
85   69,437          22,832          46,605         
86   57,607          19,000          38,607         
87   47,811          15,814          31,997         
88   39,722          13,177          26,545         
89   33,051          10,997          22,054         
90   27,561          9,199           18,362         
91   23,055          7,720           15,335         
92   19,372          6,508           12,864         
93   16,380          5,523           10,857         
94   13,972          4,728           9,244          
95   12,060          4,096           7,964          
96   10,578          3,606           6,972          
97   9,469           3,239           6,230          
98   8,695           2,982           5,713          
99   8,227           2,827           5,400          
100  8,001           2,752           5,249          
