# # Таблица построена модулем rtss.rosbris1959.ExportMortalityTables по данным в РосБРИС для РСФСР 1977
# Возраст в годах, Числа доживающих до возраста х лет, Числа умирающих при переходе от возраста x к возрасту х+1 лет, Вероятность умереть в течение предстоящего года жизни, Вероятность дожить до возраста х+1 лет, Числа живущих в возрасте х лет, Числа прожитых человеколет, Средняя продолжительность предстоящей жизни
# x, lx, dx, qx, px, Lx, Tx, ex

0       100000  2038    0.02038 0.97962 98981   7315544 73.16
1       97962   328     0.00335 0.99665 97798   7216563 73.67
2       97634   90      0.00092 0.99908 97589   7118765 72.91
3       97544   43      0.00044 0.99956 97523   7021176 71.98
4       97501   33      0.00034 0.99966 97485   6923654 71.01
5       97468   36      0.00037 0.99963 97450   6826169 70.03
6       97432   44      0.00046 0.99954 97411   6728719 69.06
7       97388   54      0.00056 0.99944 97362   6631308 68.09
8       97334   59      0.00061 0.99939 97305   6533946 67.13
9       97275   56      0.00057 0.99943 97247   6436642 66.17
10      97219   47      0.00048 0.99952 97195   6339395 65.21
11      97172   39      0.00041 0.99959 97152   6242200 64.24
12      97133   35      0.00036 0.99964 97115   6145048 63.26
13      97098   34      0.00035 0.99965 97081   6047933 62.29
14      97064   36      0.00038 0.99962 97046   5950852 61.31
15      97028   42      0.00044 0.99956 97008   5853806 60.33
16      96986   50      0.00052 0.99948 96962   5756798 59.36
17      96936   59      0.00061 0.99939 96907   5659836 58.39
18      96877   67      0.00069 0.99931 96844   5562929 57.42
19      96810   72      0.00075 0.99925 96774   5466085 56.46
20      96738   75      0.00077 0.99923 96701   5369311 55.50
21      96663   76      0.00078 0.99922 96625   5272610 54.55
22      96587   76      0.00079 0.99921 96549   5175985 53.59
23      96511   77      0.00079 0.99921 96473   5079436 52.63
24      96434   79      0.00082 0.99918 96395   4982963 51.67
25      96355   82      0.00085 0.99915 96314   4886569 50.71
26      96273   86      0.00089 0.99911 96230   4790254 49.76
27      96187   91      0.00095 0.99905 96142   4694024 48.80
28      96096   97      0.00101 0.99899 96048   4597882 47.85
29      95999   104     0.00108 0.99892 95948   4501834 46.89
30      95895   111     0.00116 0.99884 95840   4405886 45.94
31      95784   120     0.00125 0.99875 95725   4310046 45.00
32      95664   129     0.00135 0.99865 95600   4214322 44.05
33      95535   139     0.00146 0.99854 95466   4118721 43.11
34      95396   151     0.00158 0.99842 95322   4023255 42.17
35      95245   163     0.00171 0.99829 95165   3927933 41.24
36      95082   175     0.00184 0.99816 94996   3832769 40.31
37      94907   188     0.00198 0.99802 94814   3737773 39.38
38      94719   200     0.00211 0.99789 94620   3642959 38.46
39      94519   213     0.00225 0.99775 94414   3548339 37.54
40      94306   226     0.00240 0.99760 94194   3453926 36.62
41      94080   242     0.00257 0.99743 93960   3359731 35.71
42      93838   260     0.00277 0.99723 93710   3265771 34.80
43      93578   281     0.00300 0.99700 93439   3172061 33.90
44      93297   305     0.00327 0.99673 93147   3078622 33.00
45      92992   333     0.00358 0.99642 92828   2985475 32.10
46      92659   363     0.00392 0.99608 92480   2892647 31.22
47      92296   393     0.00426 0.99574 92102   2800167 30.34
48      91903   422     0.00460 0.99540 91694   2708065 29.47
49      91481   451     0.00493 0.99507 91258   2616371 28.60
50      91030   478     0.00525 0.99475 90793   2525113 27.74
51      90552   507     0.00560 0.99440 90301   2434320 26.88
52      90045   538     0.00597 0.99403 89779   2344019 26.03
53      89507   573     0.00640 0.99360 89224   2254240 25.19
54      88934   613     0.00690 0.99310 88631   2165017 24.34
55      88321   660     0.00747 0.99253 87995   2076385 23.51
56      87661   712     0.00813 0.99187 87310   1988390 22.68
57      86949   771     0.00886 0.99114 86569   1901081 21.86
58      86178   835     0.00969 0.99031 85766   1814512 21.06
59      85343   903     0.01059 0.98941 84897   1728746 20.26
60      84440   976     0.01156 0.98844 83958   1643849 19.47
61      83464   1052    0.01260 0.98740 82944   1559890 18.69
62      82412   1129    0.01370 0.98630 81854   1476946 17.92
63      81283   1209    0.01487 0.98513 80685   1395092 17.16
64      80074   1292    0.01613 0.98387 79435   1314407 16.41
65      78782   1381    0.01753 0.98247 78099   1234972 15.68
66      77401   1481    0.01914 0.98086 76670   1156872 14.95
67      75920   1597    0.02104 0.97896 75132   1080203 14.23
68      74323   1732    0.02331 0.97669 73469   1005071 13.52
69      72591   1889    0.02602 0.97398 71660   931602  12.83
70      70702   2065    0.02920 0.97080 69685   859941  12.16
71      68637   2254    0.03284 0.96716 67526   790256  11.51
72      66383   2450    0.03691 0.96309 65174   722730  10.89
73      63933   2646    0.04139 0.95861 62626   657556  10.29
74      61287   2836    0.04628 0.95372 59885   594930  9.71
75      58451   3019    0.05164 0.94836 56957   535045  9.15
76      55432   3196    0.05765 0.94235 53849   478089  8.62
77      52236   3368    0.06447 0.93553 50566   424240  8.12
78      48868   3530    0.07223 0.92777 47116   373674  7.65
79      45338   3673    0.08100 0.91900 43512   326559  7.20
80      41665   3779    0.09071 0.90929 39782   283047  6.79
81      37886   3828    0.10103 0.89897 35973   243265  6.42
82      34058   3801    0.11160 0.88840 32152   207292  6.09
83      30257   3691    0.12199 0.87801 28399   175140  5.79
84      26566   3503    0.13185 0.86815 24796   146741  5.52
85      23063   3250    0.14093 0.85907 21415   121945  5.29
86      19813   2956    0.14919 0.85081 18310   100530  5.07
87      16857   2641    0.15667 0.84333 15510   82220   4.88
88      14216   2323    0.16341 0.83659 13028   66710   4.69
89      11893   2016    0.16950 0.83050 10860   53682   4.51
90      9877    1729    0.17507 0.82493 8990    42821   4.34
91      8148    1469    0.18023 0.81977 7393    33832   4.15
92      6679    1237    0.18513 0.81487 6042    26439   3.96
93      5442    1033    0.18991 0.81009 4910    20396   3.75
94      4409    858     0.19469 0.80531 3967    15487   3.51
95      3551    709     0.19961 0.80039 3185    11520   3.24
96      2842    582     0.20478 0.79522 2541    8335    2.93
97      2260    475     0.21031 0.78969 2014    5794    2.56
98      1785    386     0.21629 0.78371 1585    3780    2.12
99      1399    312     0.22280 0.77720 1237    2194    1.57
100     1087    250     0.22989 0.77011 957     957     0.88
